QKMK,YYDQ,YTDG,YTDF,YTDE,TRHL,YYDD,YYDE,YTDT,YTDS,YTDQ,YYDM,VNTV,EIRC,VNTG,VNTH,GCLM,ERGW,ERGQ,ERGY,ERGF,ERGN,ERGH,YRVR,YRVW,YRVY,YRVC,ARTP,ARTT,CFSV,KIQT,ARTA,KIQN,CFSK,CFSF,ARTK,CFSE,KIQC,ARTN,TCQG,YIKG,YIKL,YIKS,YIKT,ARCL,KNYY,KNYP,KNYQ,KNYA,KNYC,KNYF,HEAD,HEAK,RQDY,HEAT,HEAS,HEAQ,RQDN,RQDK,HYTV,AAAW,QYNV,GFWM,RDPR,RDPS,HYLH,HYLK,YRFR,HYLQ,HYLP,DPWG,HIGP,HIGR,HIGT,HDFP,HIGV,PTYV,HFAD,HFAG,FKHV,FKHP,DSDN,FHTR,KADF,DSDY,INYY,KFPY,RGFG,PDTY,SLCT,FHFY,KQII,KQIG,PAYQ,PAYT,DDQN,PAYI,SLCI,SQMA,SQMG,ASSW,HSYK,HDFN,HSYA,CPME,HSYY,HSYR,NIQN,LAND,NIQK,LANM,MHQR,NIQT,IINN,SPAN,DNKF,SPAC,IINF,DNKN,IINC,QWNS,EDGF,QWNT,NNQT,DQGT,GCLR,DQGP,EFVC,QVHY,VMPF,VMPK,VMPI,YRIF,YRII,YRIV,YRIY,QEYT,QEYS,CFNG,CFNC,CFNS,CFNR,VDKM,VDKD,PIAF,SDKM,YQIR,YQIC,YQIF,YFGC,YFGM,VNTS,YFGH,APNF,RYVK,MGIH,MGID,YFGY,MSMI,PDTK,IAPY,PERC,HINT,RIVC,NSKL,WLVC,WLVE,WLVK,WLVV,WLVY,FKGV,HRFF,HRFG,PSNH,HRFP,FQLG,AVFC,DISC,AVFR,PWEV,PWEQ,PDKF,PDKH,PDKM,PDKS,FQLD,RYKF,WIQN,WIQA,KGMV,ALPC,SFWI,SFWL,ALPN,DKPN,IFAM,SVHM,FRIT,SVHG,IDYE,SVHE,IDYQ,SVHQ,IDYS,DKPY,DVIE,GDAE,DVIN,FYVG,VQIH,NNNI,NNNL,NNNP,DAGQ,CQQK,FSMN,FSML,FSMH,FSMF,IWES,FSMR,GGAR,NALW,NQCQ,LMHP,LMHS,LMHN,LMHI,LMHK,LMHD,CFSD,KTQH,GTNA,GTND,GTNS,VRWH,GTNY,YMVG,YMVT,EANH,YVCY,QPTV,EANG,QPTA,QPTD,EANP,EANQ,QPTL,LTNT,GWTV,VQNC,SERY,YKHC,SQFH,QYST,EYDF,TAPY,TAPA,MMIP,TAPH,TAPN,TKNG,TKNA,HMTV,TQEF,YTMV,TQEP,KGVM,KRRM,KRRN,RDEN,RDEK,KGVQ,ITLM,REAH,GLHL,SWVR,RPCG,REAT,REAQ,RVHL,VVIR,GLHG,WTLN,WCLD,ASWW,ASWY,KAHV,CGTR,CGTP,KAHL,KAHN,SMDQ,CGTH,KAHD,KAHE,ASWL,ITCK,TLLW,QLTR,DQCI,GLHS,QLTF,GLHR,HQLI,IHGD,IGAY,ATWG,IFMI,IKCL,DLHN,IFMY,SYTC,IKCA,PIEF,PIED,PIEW,VKPF,VKPA,VKPS,NTEF,GPPQ,GYDE,QPKF,QPKS,ANVK,VVEP,DRCG,NKPV,NKPN,NKPI,NKPH,NKPK,NDPR,NDPS,VAFQ,VAFR,HEAP,VLWP,VLWG,RQDI,NERY,NERQ,NERR,NERT,NERV,NERK,NERF,VHRP,TFVI,TFVW,TFVQ,SYGQ,YAHN,CSKA,YAHH,EDTN,MVTG,YAHQ,EDTG,EWTM,CSKT,TVWA,APMI,PHMH,TGLW,FFYN,FFYE,TGLC,IKVE,KKHP,FFYV,RKQH,YTVE,SMSP,HPKE,HPKG,TMGD,TWYL,FVLH,WRRT,AYQD,AWEL,KEVN,FIAQ,KEVM,KEVC,SDRA,SDRY,KSAY,FIAM,AWET,YNPY,WEGT,YNPQ,YNPR,WEGA,WEGD,WEGF,MKTT,MKTQ,MKTS,MKTD,MKTE,MKTG,STGH,STGY,SNLY,FNAQ,KDPR,SNLR,KDPI,SGPN,SNLC,GPKK,ILFH,GPKE,GPKV,NEQN,FVWV,FKHD,PFIG,DFHK,DFHS,NSFC,NSFE,NSFH,NSFR,NSFV,HIKH,NSFY,HIGC,VLHK,HIGE,PPTY,DHVH,NEIK,MKQM,SAFH,DHVM,PPTR,DHVA,NEID,PPTV,SAFV,NEIR,PPTG,QNHQ,QNHD,LEQP,LEQM,QSSY,GHNG,QTAQ,QSSW,QTAH,QGGD,DIPK,QSSF,DIPF,NGGT,MRFY,MRFT,LFQG,TGSN,TGSM,LFQV,EVMR,CNRT,EVMP,CNRE,CNRD,EVMA,CQSY,CQSG,MHPG,CVAG,CVAK,MHPL,HTAK,MEPG,HAGC,HTAN,HTAD,HAGS,TTGM,MNLV,MEPY,YNKI,YNKK,YNKF,YNKV,CATI,ISWN,CATN,CATS,CATV,CATW,CATY,SSYQ,MDRV,AMHF,KDKM,SSYW,MDRE,MTGA,SSYN,HTKL,PLTH,CKVA,CKVL,LDPP,KQIK,MAEN,IVNY,KMKG,IVNM,PVLM,SHAD,SQMR,KMKQ,KMKR,TELD,PFFH,PYFY,PFFG,DDQL,RMME,PYFI,PYFN,SLCF,VESN,VESH,NVNY,SLCN,NVNQ,NVNT,FPPF,FPPD,FPPK,FPPI,FPPT,FPPS,DYVY,DYVW,QNSA,DYVT,QNSE,PGLP,PGLM,DYVH,DYVG,QNST,QNSV,CYGV,SKAC,DIKK,DIKM,DIKD,CVAS,RIAC,QDMV,QDMR,QDMM,QDMH,NFQN,QMSI,NFQA,QMSD,GFFE,QKED,QKEH,GLFN,QKEM,GVSD,NSPM,VIRH,VIRF,ESGY,LDHR,MSAC,EMFC,YYLH,GLFQ,TITH,TITR,YYLP,YYLV,GQSK,GQSN,YCIR,KESD,CLRS,SNKN,CLRQ,CLRE,CLRD,CLRM,DRYK,MDIV,MDIP,MDIY,TCIP,TCIV,TCIG,YISY,YISP,YISV,YIST,YISN,PVGN,YHSD,YHSR,PVGA,AKSD,AKSF,EQQT,PCEL,WYGR,AKSW,WYGN,NDNV,KNFP,KIIY,KIID,HEIK,HEIH,HFHK,KIIN,HEID,KTGR,TESM,HFHN,PYYL,TESC,PYYR,TESY,TESW,RQLP,PARC,EYYF,FTEF,KCSK,AHRK,KCSL,KNQH,KNQL,KHML,PTGL,PTGN,PTGW,EEEQ,NCGE,NCGI,DNKV,FQIE,HYTF,HYTQ,FQIP,FQIR,FQIY,PAAV,DDIP,PAAY,DDIY,IRGC,SEQS,DDIM,KPNR,DEMR,QHKH,QHKN,LVFR,LAFW,QHKA,LAFM,LAFD,LVFH,DNSR,DNSW,DSMI,DNSG,LWLQ,LWLW,LWLH,LWLG,GSEK,LHPF,YAWS,HKDP,VGSF,GQHQ,VGSM,GNEY,EFNR,LWTD,EFNK,GNEL,EFNE,YRAY,ELPG,MSFH,CLML,EEDE,ELPW,ELPR,YGGH,MTMR,DHSQ,MTML,NNQG,MTME,IGDQ,HFSP,LYIG,HFSI,EKRV,RHTE,CYAN,RHTV,YQAN,YQAC,YQAF,YQAP,YQAR,PPYN,CFFV,HETV,CFFY,HETS,RINY,RINV,RINP,RINS,RINM,RINN,RINI,RINH,RING,CIKE,CIKN,CIKI,WLNV,WLND,MSEN,MSEL,MSEK,HFRY,MSEG,KNLN,HFRS,HFRK,HFRD,MSEV,HFRF,MGQK,MGQI,HIRF,RWAF,RWAE,HIRI,HIRH,RWAV,HIRR,PDCY,ECIT,YHIG,ARVC,PKQF,PKQG,PKQK,SLVW,KQVM,QVHK,RTAQ,HSDH,RTAT,RTAY,HSDA,HSDD,WIYC,RTAF,WIYI,WVGC,HSDT,CIKH,NILC,NILY,FCHK,WFPT,FRQR,IDQK,IISF,FRQN,IPES,IPEV,DVAI,GDIH,NNFQ,NNFV,DVAQ,DVAS,NNFF,DVAT,NNFD,IYFD,IYFG,IYFL,FNET,IYFQ,VGNQ,KDTS,GRDQ,GRDY,GRDG,GRDD,GRDC,VMGM,AFRQ,NATY,NATP,NATK,NATI,NATN,NATM,NATC,VDTY,VDTD,VDTC,VDTK,VDTH,ALFM,NQKK,KDTN,NQKA,GTVW,NQKE,GTVN,NQKR,LYTV,GTVG,NQKT,IERD,MITD,LGVM,HLRI,HLRD,HLRY,HLRW,HLRT,WVFV,YLDW,RTNN,QASC,YLDE,YKPL,YLDM,YLDH,YVKR,TPAH,YVKT,YVKW,TPAC,EAFK,TPAF,YVKA,MMAS,MMAT,AVYD,GNRY,AVYL,TKVY,TKVV,HMLP,TKVR,TKVI,QASW,AFNG,AFNA,KPGY,CCGG,AFNV,MIHV,THDR,WIFG,WIFN,WIFV,WIFY,KAPQ,KAPR,KLPM,FLQF,PEVM,KLPR,KFDA,KFDN,KFDK,FCSD,FCSG,RPKK,FCSA,FCSK,YDVF,AETW,AETF,AETN,HQPY,RVHN,FYEL,SCNV,FYEQ,FYER,PHYE,PHYL,MGIY,VPDI,DLPW,DKDQ,QQCL,DKDY,DLPD,DKDC,IKKC,DLPH,QLLW,AMLY,QLLM,DQKN,ILRH,VKHN,VKHH,VKHE,VKHC,VHFN,VHFG,VHFV,VHFP,GLDH,EHEV,GYLY,GYLC,FRRS,IDPA,LGMD,QSTF,IPDE,VFPF,VFPM,SPSM,EGMK,YVVF,NRLI,YVVM,YVVV,PMKS,YVVY,QITY,SVCP,ELAH,RDVD,TLGC,SEEM,TLGN,RDVQ,CDAP,CSCD,CSCK,CDAF,CDAG,CDAA,WTSY,CGAF,CGAC,CGAM,CGAK,CGAQ,CGAP,AQFF,APEF,PKPA,MLRP,MLRR,MLRM,HNEP,HNES,AIFH,HNEV,HNEY,FVDR,HNEE,HNED,FVDK,HNEI,AIFW,AIFR,FVDC,VYTT,MQNK,RKYI,HKMT,RKYD,RKYC,RKYA,FFQR,RKYV,RKYP,ANLW,HKMK,NTVA,IFPR,IMDR,AGPV,NTVG,NTVK,IMDY,AGPD,IFPG,AGPH,NTVY,IFPM,IRDG,SYAF,IKPM,IKPH,SYAH,IKPT,IKPP,IKPQ,DQVG,FGMS,RAWV,WVVL,DQVI,FGMG,FGMK,FIIR,GPCI,ILNH,SWGM,SWGV,SGHQ,SNTF,SNTC,SGHG,FNIN,PCFG,FNIL,PPPF,DDKM,NEMQ,VFME,SICV,VYEF,VFMA,VFMV,VFMR,VFMP,GSCV,GSCD,LCCS,GIHA,GIHN,WAGS,NEAE,NEAG,ERIC,NEAN,NEAR,GRGL,LLCP,TFKA,TFKE,TFKY,LLCM,EDCD,EDCE,EDCS,QTIH,TMRD,YPFD,YPFI,MRAI,TMRV,YPFS,YPFY,PDKD,HGMR,LFYW,HGMD,HGML,LFYC,HGMH,LQIK,LEMV,MQDV,MNDA,LHMK,CALR,HDDS,CALK,CALC,CALD,CALE,PCSL,AGMM,AGMK,DFWG,KSEY,WNCI,WNCL,QAIF,HTII,RFFT,HTIP,RFFR,HTIV,RLQY,NNGV,KVDF,PFNQ,EVQM,PEAC,RGHQ,FNVE,FNVK,FNVI,IHTR,RGHI,PLQL,QGKS,PGTW,DYNT,PGTS,QTEC,DWFL,DYNA,PGTK,PGTI,DHKQ,FDDW,SHIH,IAVH,DHKV,SHIA,SHIF,KMSL,FDDG,FDDD,KMSR,SHIS,IVVM,IAVW,FDDK,PPAA,PPAM,PPAV,PDET,NFYQ,NFYP,QMKR,DPHV,NYGV,DPHA,NYGL,NYGF,QMKN,PDES,VCQR,NLEF,NLEI,VCQF,VCQK,SKIY,LCTG,GCGM,GHQQ,SKIR,GCGG,GCGF,QGTR,GHQF,WRDI,GCGS,QGTE,GHQL,SKID,QTTE,PGRF,QTTK,DICN,VSDQ,QTTV,QTTP,MRYT,HGYI,MRYF,THRE,LKFI,LKFT,LKFV,LKFQ,THRR,THRP,SCRT,QRFH,QRFN,GDHR,QRFE,QRFD,QRFR,QRFQ,CVTT,CVTQ,CVTP,CVTK,MHGL,MHGG,MHGD,MEEN,RFCL,TILW,MEEF,TILM,MEET,TILC,IYNT,MNGK,HTNF,SSRC,CPFA,MDAP,CPFN,MDAR,MDAD,TTTC,TTTF,PPGR,MSQE,TPKM,TDSW,TCAV,TCAA,TCAK,SAIK,FDNR,AKKH,PPGE,QRWR,RGSF,CNVF,WKEN,WKEA,WKEE,RGSI,RGSK,WKEP,WKES,WKEW,ARDF,FMRD,FMRF,PYQK,PYQN,ARDT,IYNN,FMRS,PYQA,FATE,NVSW,NVSN,KRDD,KWGK,KHED,NFFC,DDAK,NFFD,FHVD,PAIC,NFFQ,QYPY,PAIR,FHVV,QYPS,PLND,AAQD,FQAV,FQAR,SKRY,FQAH,SKRQ,FQAG,YENR,KGDC,QDSA,CVEL,ESTF,ESTM,DEER,GAMY,GAMG,ESTS,AYNA,RSQM,KPQK,CVEF,GVNQ,GVNP,CVEG,FIRF,KSFW,GVNF,VIAW,QDSY,ERRH,EYFD,QAHS,QAHN,GNMA,ERRY,EFFF,GNMF,EFFN,YTSN,METN,YTST,METM,YTSR,YTSS,LVNR,NNND,VNAD,CLEY,CLEP,CLEQ,YIDN,CLEW,YIDR,IVIM,CLEC,YRYS,YLNI,YRYY,YRYA,YRYF,FYVT,LWDQ,DAGR,QSFW,LWDY,LWDI,TDHD,TDHN,TDHY,YHNP,YHNT,YHNE,DPIC,YHNL,RHLF,RHLN,RHLV,RHLT,FDAR,AFDP,MTER,MAGP,MAGW,MAGK,MAGI,MAGH,MAGC,MTEK,MAGD,RQST,TENH,RQSQ,TENC,TENA,TENE,RQSY,RQSD,RQSC,RQSA,RQSI,GTSD,RIFW,RNRN,CISQ,RIFE,CISK,RIFN,RNRW,RNRT,KNDT,KNDR,AHAD,CYHK,AHAI,KCDS,MGYT,HSLC,RTIH,RTIN,HSLK,HSLN,RTIY,HSLV,RTIP,RTIV,PKYK,PKYG,NCRA,WLFR,WSFK,KFNT,WLFY,HYGF,WLFD,WSFQ,FTGY,SQRY,INCV,SQRP,FTGV,FTGM,ASIF,SLNM,FTGD,SPTI,DNDA,FRYI,FRYF,FRYD,LFLW,DNDP,IPMS,FRYS,MRSQ,MRST,QHVM,CEQQ,YPVV,CEQI,IDIK,ASIQ,GRLC,EFYL,GNPR,GRLT,FTGQ,NIDK,HHLY,NIDH,VGFQ,NIDS,VGFH,IYNF,NPSY,NPSK,NPSH,EEYY,VRGP,GHTG,LHEG,RRDK,DVYL,DIFR,DVYQ,LHEP,DVYY,LRHR,CLRT,LRHN,LRHD,YMFP,YMFR,YMFS,EKGH,EKGT,EKGY,LIAW,QERS,QERY,QERC,QERN,MPKM,MPKI,MPKV,AVQW,MPKT,AVQP,SIQA,CTSK,CTSY,CTSS,HRSF,HRSE,HRSI,TPIN,TPIR,HRSQ,NEYG,WVRL,KGFT,ASPM,RSST,HMDS,HVPG,PDPN,PDPP,PDPQ,PDPV,AFFW,WLYK,YLLC,CVRK,WGGI,YLLW,AFFD,WINS,WINI,WINN,WINA,ASGC,INEN,FEKG,INED,PENM,YDMR,GDTR,ITSQ,GDTD,GDTK,GDTM,NFIN,NPLD,PHQG,NPLK,NPLQ,ACRN,PHQR,ACRL,GTAC,GTAP,QEYK,RDMA,FYMD,PRHK,QLDN,NQVY,QLDF,QLDD,NQVA,NQVE,QLDY,NQVF,LMSF,NQVM,LMSA,NQVN,VAVH,LNSQ,GWAI,PHSA,NACC,DKLH,NACI,DKLC,QQKQ,QQKT,LTCI,LTCK,MMRE,MMRF,MMRM,MMRT,MMRY,QCIL,GYTR,EHME,ETQH,CPPP,MEYQ,MVDC,CDII,MVDQ,MVDP,MVDT,MVDV,CDIT,KRYY,RSNF,RSNE,TVGK,RSNN,RSNY,EGEQ,EGEW,NLFH,LNFW,KLCH,KLCN,KLCA,KLCE,KLCG,CGYL,RPTR,RPTS,RPTQ,RPTD,RPTC,RPTN,RETY,DFSH,MNRP,ITNE,ITNF,ITNQ,KVHG,FFIN,FFIF,RKAW,NTNR,SMMV,TIFT,IMLH,IMLI,SYIV,IMLD,VQPP,VQPI,SMMI,FGEH,PIHN,PIHK,PIHF,NMQG,PIHT,FGEW,PIHS,VAME,VAMF,VAMQ,VAMR,VAMT,VAMV,NRPM,NRPN,NRPI,NRPG,ILVH,RTAN,NDEK,DRTG,NDED,DRTA,NKKH,DRTY,NDES,NDET,NDEV,NHKC,VFES,VFEP,VFEH,VFEF,NSVQ,NSVW,NSVC,LCKF,FSWL,VVRF,VVRG,VVRW,DMAY,QIIQ,QIIY,NEYQ,SAVQ,QIIH,SAVD,QIIN,TLTN,YFEM,HDKR,GSKH,GSKF,INIF,HFTS,GSKY,GSKT,KAQG,EDKY,EWYQ,RYQK,PSTN,EDKM,MLAH,INLD,VCER,ECKR,MLAY,YERM,YERE,APPT,APPS,APPR,APPQ,APPK,APPC,YERR,TFCG,TFCL,RLRH,TKNQ,MKAI,MKAF,MKAD,CADA,CADF,MKAP,MKAV,WRIE,TWLE,HQVK,YDPY,DKNR,TWLN,HQVL,YDPA,YDPF,YDPE,WRIY,HGEH,HGEE,HGEA,HGEC,TKMV,PLDP,PLDY,AGEM,PLDC,IRWD,IRWG,WNKH,WNKC,FITK,MQLH,MQLF,FITF,KPEI,AWRR,KPEY,ARNY,PFVF,KIGM,KSMP,TDPH,IHLD,RRPQ,PVWL,RRPD,RRPE,RRPG,PVWV,QNCY,LPVP,LPVK,LPVM,LPVC,DYFG,NSIK,DYFD,LCVA,NSIR,NSIV,NSIW,DYFP,FKRD,NYKP,LRFI,PPIW,PPIV,PPIT,FDLC,FDLA,FDLR,SAKP,SAKR,QYPE,QDAD,LQPK,NLMQ,NLMH,DCPK,LEDM,RDEH,VECG,VECD,VECL,DPDN,NYKN,VSLW,QSHG,QGLH,QRNF,QRNK,QRNN,QRNW,MRQG,MRQE,MRQS,VCYS,VCYQ,FYDN,TREN,TREC,SYPP,CAYT,CAYS,REAW,CVLR,CVLQ,PQFD,CVLY,KMFL,IEYN,YYIF,ARGR,MEME,TIDW,TIDY,MEMT,TIDC,RFSQ,TIDK,CSEI,KSVE,MDYR,TSRP,TSRR,MDYD,MDYF,KSVP,KSVQ,TSRN,MDYH,ADCY,FMQF,RRMN,WPGF,RRML,RRMV,WPGY,FKPT,FALY,FKPS,FALW,FKPE,FKPD,FKPK,DDGT,AKCD,SHTG,RQKG,NFLM,FPMT,SEAY,NYPG,FHPG,NYPE,NLVI,NLVK,FNTF,GKMG,FQYQ,VSWC,VSWD,VSWF,KLHT,HVKM,KSNI,KADT,FVWP,NGHL,NGHA,GAED,QGAH,GVFK,VIIP,GVFY,DMKE,VIIK,TSYR,VIIC,VNIH,VNIN,VNIQ,EYNA,EYNG,EYNR,EYNV,VQDE,FYNR,MDLR,LAVF,TSYE,LAVW,YILY,YILQ,YILI,YILF,YTKF,YTKM,YTKP,YTKQ,YYYQ,YYYP,RMQV,TCTL,TCTI,TEFE,TEFD,TEFQ,TEFV,FQGA,YHFS,TSIH,YRQK,YRQH,TSIK,YRQN,YRQY,TSIT,YRQT,TSIW,KTRA,KTRF,EIVY,HEDV,CFVE,CFVD,KTRQ,KTRP,HEDI,CFVL,HEDG,FKKD,RCEI,FKKM,KHPK,VNPG,YQQQ,YQQS,YQQV,YQQE,YQQD,AHIV,KCLQ,AHIQ,AHIH,KCLL,FHKK,KQFD,HSTS,HSTQ,IEMM,KQFH,RYSQ,IEMP,PATC,FHKS,FHKR,RYSD,RYSE,RTQD,RTQK,PTLH,RTQP,RTQS,IDAQ,DNLY,VHGY,ICSS,ICSD,IDAG,SVPH,SVPM,DNLE,VHGT,DEPC,VWIL,DEPI,VWIK,SPLW,DSKF,DSKM,DSKH,DSKV,PKAN,ISTF,ISTM,ISTN,ISTV,EFQR,EFQP,EFQQ,EFQL,EFQD,QVKD,QVKE,QVKF,QVKR,IYVT,IYVW,IYVA,IYVC,LRPR,VDDD,VDDK,VDDT,KTKV,LWSP,DVQR,LHMI,LHMH,LWSA,DVQE,TQYL,YAAH,NNVE,IHFI,MAIP,RHYK,LSRM,RHYV,RHYQ,MTPY,MTPV,MTPF,MAPK,TYEQ,MAPN,MAPL,TYEK,TYEI,CFMS,MPSG,TAHR,MPSK,MPSH,MPSV,MPST,MYMR,TAHN,TAHA,TAHE,AVIY,MGFV,MSRH,MSRF,TPQV,TPQT,MGFG,MGFC,TPQM,MSRY,MSRW,MGFM,HRKG,MSRP,RYNN,FTPE,RYNE,FTPH,FTPP,FTPW,RYNQ,RYNS,RYNR,KGNP,ALWD,ALWP,PDHE,PDHG,HTTP,WLQI,WLQE,FRFT,AEDE,FRFS,AEDN,ICHK,ICHT,FRFG,AEDR,FRFC,AEDQ,NEAY,SCIN,PNGQ,PNGP,WFGH,WFGI,WFGF,WFGE,WFGA,PNGC,PNGE,PNGD,PNGK,SIWS,GRSR,GRSF,GRSN,GRSM,SIWL,FSHD,FSHH,FESG,FLMC,FLMG,FESN,PEFF,FESW,FESP,PQRM,PQRL,PEFR,AARD,NPDN,NPDF,VTHR,VTHP,GTIW,GTIN,LMKN,VRTV,GKLC,QFGD,GKLM,HEVE,QFGR,PRPF,PRPV,PRPS,LTKY,LNKF,GWIA,GWIE,GWIP,GWIR,NKPQ,NAKP,GMRF,GMRE,QQSK,NAKH,YMSA,ETYT,ETYS,ETYN,YMST,GLTM,ETYA,QPSH,QPSI,YVFR,YVFQ,QPSF,EAKH,EAKP,QPSR,QPSV,YVFH,MVLY,MVLQ,MVLP,KRQV,KRQP,KRQQ,KRQR,MVLI,CSSG,MVLC,MVLE,RDFW,RDFP,RDFR,KGSM,TKMR,KGSW,RSFK,RSFI,KGSY,YLSW,YKEQ,YLSH,CCPL,CCPK,YSRY,YSRV,ASTH,KAEC,KAEG,EADY,CGQG,RELH,KFSC,KFSA,KFSN,CGQL,HDGF,KAEW,KFSK,KFSH,TAQI,ITVG,IGFE,KVPR,HSRG,KVPP,PHNQ,PHND,RKIH,RKIG,RKIC,VKST,VKSP,HYPP,VKSN,VKSE,VKSG,CKPL,NTFY,DKSS,NTFM,CGQY,RVRP,ITFM,FVTF,FVTA,ITFV,RVRG,RAYT,RVRI,RVRM,DQFT,KYRF,DQFF,KYRP,KYRV,DRLC,KFAP,LTPH,AQFV,DRLH,NKSD,NKSE,NKSN,VAEC,VHSG,IMTF,IMTG,DKST,SYQS,VQHR,DLEM,SMEA,DKSY,SYQG,VQHF,VQHD,IMTP,SYQM,SMET,SYQK,SMER,SMEQ,FKLA,NEQP,DTRI,DTRL,DGRT,NHSP,NHSL,NHSC,DTRS,NEQK,EHPK,QCVS,DMIQ,DMII,GPSD,GPSE,GPSF,EHPS,DMIC,HDPQ,EDSQ,EDSW,CSLD,HPDQ,EPGC,CSLM,EPGY,EWQV,SKIC,EGRR,EGRC,EGRF,PSKY,VLPM,YAME,TMNF,CGQN,CRVY,MLIP,MLIR,MLIK,HPHV,HPHE,ECSS,HPHL,KVCV,EMHS,YNSV,MKIC,APDC,MKIA,MKIG,AISH,MKIM,WRQL,MKIV,WRQA,MKIY,WRQE,APHS,APDD,RKTH,RKTF,RKTT,SYKR,AYRP,AYRR,AYRS,AYRV,VQIV,ANRP,ANRK,ANRN,ANRM,HTYR,KTTC,HKGT,HKGP,MQTV,MQTR,HKGK,SGFY,HKGG,HKGD,HTYH,HKGC,YAHF,NRMA,MVTY,IHDY,FNFY,AMPY,SNCC,FNFD,AMPQ,MVTD,NELF,NELE,EDTM,PPQQ,KEIH,SACW,NELP,PPQN,PPQL,FDTY,QNKT,NSAI,NSAN,QNKL,IQGM,ILEC,GPNL,IQGC,IQGT,QTDV,QSPR,QGDF,GHAK,QSPD,QTDE,QTDD,QSPA,GHAP,GHAQ,QSPM,QSPN,QTDK,QGDR,GQKV,VEKW,VEKP,GSTF,EVHG,EVHF,QRVK,QRVN,EVHT,QRVG,EVHP,EVHR,LELH,NYQV,LQHD,LQHG,LELC,LQHQ,LQHP,QCPD,CAQQ,CHKE,CAQD,CHKA,YDGT,YDGN,YDGL,YWEI,YDGE,MRIG,LKVY,LFRV,MRII,KKHE,LFRM,LKVC,NYQM,VQIN,CKKR,RKQE,CKKV,CKKT,CVDN,CVDH,CQPE,KPPA,CVDV,CVDT,HTFF,HTFG,HTFK,HTFI,WQGG,TTDG,TTDK,PFCG,PFCE,PYAN,MKRA,PFCM,PYAD,PYAP,YFQP,RQVN,ADKG,ADKC,TEIG,MDQL,RREQ,KDNQ,KDNP,QNVF,QNVD,DYYP,PGCF,PGCG,DYYE,QNVR,HHQS,PGCL,PGCM,PAVF,IACC,KMHA,KMHD,KMHG,IACK,KMHK,IACS,IACQ,RTSH,KMHV,IACT,DINE,PYET,FQQE,DINM,DINI,RYQI,FQQV,GAYD,FQQQ,GFER,PAVP,DCGR,GFEN,VEVD,VEVR,NVCD,VIQY,VPGY,VPGC,VPGM,VIQH,ESDE,STNA,ELWA,ESDI,WRRL,VCDE,KLHY,GQPK,GQPM,EIWT,YCVL,YCVG,YCVD,EYVM,EYVF,YCVQ,LKMR,LKMS,TCLV,TCLQ,TCLP,TCLY,TCLF,TCLI,YITR,YITQ,YITV,YITT,YITY,YITG,YITK,YITL,TRMR,TRMV,YTCL,TTYG,YYAF,YYAK,TTYK,YYAP,YYAR,TTYQ,HGIE,KIVM,HELR,HELY,HELC,KLHS,VGWG,MGVG,CPII,MGVD,CPIQ,CPIT,IYQN,IHPP,TSAM,GQLW,AHQQ,YNPN,KHHM,CRPD,KNTT,KNTS,KNTQ,AQGH,MGVV,IIEW,AKPT,AKPQ,AKPM,AKPK,EVSC,IPSC,RCPT,WYDL,VWKL,KQNY,DNNK,KQNQ,SVVM,KQNK,KQNI,SPNA,DDVN,PTDY,SEVD,EVSP,DDVC,SEVR,FHCP,PTDI,RTYA,SPND,RTYG,DDVQ,QADE,INFE,QADK,WSVN,QADM,DNTP,DNTT,IIKY,DEHV,VWAS,SPDW,VWAL,IIKF,DEHF,IRLM,YEPS,DSCG,DSCC,PKIH,HDIA,PKIC,PKIY,PKIW,PKIP,VGVN,GQME,GQMT,VGVY,EFIS,EFIQ,EFIV,QAEM,QAEL,EFIF,QAEH,EFII,EFIM,NITQ,NITW,NITG,MTIY,VDLM,FNAK,LYLR,QVCR,LWKR,KDPG,LWKN,LIQF,LIQM,LIQI,LIQW,LIQP,YRLQ,YRLH,YRLK,CFEY,YGDH,YGDT,CFEN,CFED,MTHL,TPYS,TPYT,MGNG,SLQC,TPYE,MGNV,MGNT,CAFY,IEVR,MYEI,MYEH,EPVQ,RHQE,EKWE,RHQT,SLYW,KQSH,MFPT,MFPV,MFPQ,MIPE,SLYE,AFVY,MFPE,AFVV,AFFY,HSCC,HSCE,RYFM,HSCK,HSCI,RYFV,RIMP,RIMD,WLIP,WLIY,HQTA,WLIG,WLIE,WGWL,SVGY,IDTR,IDTQ,FRNM,FRNG,FRNW,NSLH,DHIN,SFRG,YDRE,YQED,FLEM,APRK,NIKH,NIKP,NIKQ,NIKY,VDQH,GTQP,GTQV,VTPT,NQFR,GTQM,GKDY,GKDV,GKDT,GKDP,GKDQ,GKDK,MEIN,GKDE,NNKS,GDDG,GDDK,SCVA,GDDR,NNKD,GDDY,SCVP,SCVQ,LNCI,AFFG,QEGM,QEGY,NASA,MFQR,TPFA,YVNK,LYFV,TPFI,YVNP,MPFA,MPFQ,ECLD,EKLW,IDLK,EACQ,IVVP,LYFD,ETAC,EACG,ETAM,SPVH,KRIM,CDYD,YKMN,YKML,YKMV,AEQT,RDNL,HVEH,RDNI,HVEN,RDND,RDNY,RNFA,RDNQ,PNPY,PNPT,PNPA,FIVQ,PHFF,AWLQ,MQRR,LHCV,DSVW,REDS,REDQ,PEYR,REDV,KAMD,FEFD,KAMI,PEYF,PEYG,PEYD,REDG,REDD,PEYN,KAMY,REDH,FEFP,REDM,PEYI,RPDE,RPDM,RPDP,DQNM,DQNK,QLSH,NMAP,DQNF,NMAR,NMAS,NMAT,NMAN,QLSW,KPKQ,SLHY,CPTE,IGNK,ATRC,ATRD,HKAM,GKYY,ATRY,GKYW,IGNQ,GKYP,PREG,PREF,PREC,VDFP,PREP,PRER,DRDV,DRDQ,DRDK,DRDI,HKAC,VHKS,LGHW,VHKI,LGHP,LGHY,RADQ,IFHQ,IFHR,IFHD,QQDG,DLMK,SYYE,IKHG,DLML,DLMQ,IKHP,IVNH,SYYQ,EQGW,EQGC,NEIQ,EQGI,QIYY,GYAN,GLGH,GYAG,IPFW,GYAY,DMQA,GLGW,GYAR,GYAP,CSDY,CSDH,CSDL,CSDF,CSDE,IFAC,MCIE,TLDW,CDDS,SPWL,ENRQ,ENRP,ENRA,ENRN,PFTM,MLQW,MLQP,SFDP,MLQF,MLQL,MLQI,KFYK,SVEM,KFYL,MGES,TFSM,WELH,WELL,WELN,MKQI,AIKH,AIKM,HDTV,KVGC,FFVY,KVGN,KVGM,KVGS,FFVC,KVGY,FFVE,FGPC,FGPQ,FGPS,KFQD,FGPV,WDRV,NTSY,NTSV,NTSR,NTSK,WDRA,WDRL,HNFK,WRYT,HQFV,FVIF,WRYA,FVIY,WRYE,HQFE,WRYG,WRYI,FVIQ,HQFH,HQFN,GFRR,HKVY,FIDV,KESH,KESM,FIDG,FIDD,DRYM,FNNN,DRYH,FNNL,QGGT,PVGR,FNNF,FNND,PVGK,KDYH,PCEF,PCEG,FNNR,PCEI,SNKT,DRYQ,PVGF,FNNT,PVGD,IFAQ,IMAH,FWEI,EWII,IMAT,QSSR,FWEF,TNYS,SSGP,GIMM,GIML,NEDY,DHSP,NEDS,DHST,NEDQ,DHSI,NEDM,NEDK,DHSN,NEDA,GIMP,DGAE,QTAC,PPYK,DGAC,DGAN,NHDI,DGAT,DGAQ,AFWS,GPFY,GPFT,ILMR,ILMS,ILMD,GPFE,AVKW,AYFR,GHIT,GHIR,GHIQ,EIDF,GHIF,GHID,GHIA,QTLN,NSYR,NSYS,LPFH,NSYQ,NSYY,LCPI,NSYA,NSYG,VLMT,VLMH,VLMK,DEHM,TWGN,YPEP,LCPY,CNYT,YPEF,GLKF,DKQY,TFLI,DYDH,TFLW,YNFS,YNFN,MEYV,CAIS,CAIR,CHSS,ANAD,CAIY,CAIK,CAII,ANAC,CWFS,YEGH,MRAR,MRAP,YEGS,QWLA,YEGT,MRAE,TGVQ,HGPL,TGVI,TGVH,HKRE,HKRM,HKRI,HKRK,HKRW,DVRM,GHEK,PLQF,PLQP,PLQV,PLQT,HQYA,WRDK,AYGH,AYGF,AYGC,YPHE,MQAM,MQAE,HTNP,KEHF,KEHY,RFCN,EAPC,KEHR,RGKH,SSRE,RGKS,PFKT,PFKR,IHSY,IHSS,IHST,KDFI,IHSC,KSFK,FTRE,IVIF,SHDK,SHDV,FDAT,DHHS,FDAS,WVHR,DWEP,DWEE,KMPP,KMPQ,KMPA,GHTE,GHTD,QGYF,VSGH,VSGM,DIFH,VSGC,DYQM,PGKH,DYQI,DYQY,DYQQ,NVKY,NVKT,GVVP,CVAR,CQSV,GVVD,FQVV,CQSS,VIYE,VIYF,QMAF,VIYY,VIYT,NLFP,QMTG,NLFV,QDHS,PDNM,VCLV,WGAT,VNYR,VNYP,VEMK,VNYG,DVED,HAGD,HAGE,LFGC,HTAM,MQSM,MNLL,TCDL,TDPD,TCDF,INNG,HAGT,TCDP,YCNG,SHHY,FPYT,MEFD,TREH,DVEY,TTQR,TTQP,TTQI,YYIE,TREV,IAWY,FDEF,GGWF,ARGM,HHLS,HHLV,RQKS,RQKP,TEVA,RQKH,TEVI,IAWP,HHLN,CPAR,CPAV,CPAI,CPAF,CPAG,CPAD,MDLN,MDLY,TSYM,TSYN,CEGT,MDLQ,TSYC,MDLW,CEGP,WYLI,FPFN,WYLG,FPFK,FPFP,FPFR,WYLS,AHYI,AHYK,AHYE,AHYG,FASC,FASA,FSQP,YHVI,YHVL,YHVE,YHVF,AKHD,AKHE,FQLC,SRAH,SRAT,FQLY,SRAY,FQLT,FSQC,GFPH,GFPD,GFPC,LSIM,NVPF,NVPP,GVMM,GVMN,GVMA,GVMY,SQPR,INVD,EKDC,FEQM,DDNG,PADE,DDNA,PADI,DDNI,PADR,VNFH,VNFM,VNFW,NGCK,GART,NGCV,NAPR,QHNQ,LVCQ,LVCT,LVCI,WGDT,MDRD,TKTS,GGMA,QAMT,GNHL,GNHF,EFAY,YYRI,YYRM,YYRA,YTVI,YYRF,YTVY,MIMD,GHPI,LIYH,LDWE,LDWD,TEIH,TEIR,TEIV,LDWV,GHPN,RQVR,CLHE,CLHI,ELWG,ELWD,YRDI,YGLY,YRDD,YRDS,FTVF,YRDT,KNKV,CYEP,CYEV,CYET,CYEK,CYEH,KNKN,MGVF,MGVK,MGVP,RCPQ,RHIT,RHIV,RHID,RHIF,AVTD,WLAC,LMLL,WLAS,WLAT,GTRG,IEVC,LMLP,HSKR,HSKP,HSKQ,HSKV,HSKH,HSKI,HSKN,HSKM,VTSN,FILM,CIPE,CIPA,CIPL,CIPN,ISYC,ISYI,ISYV,FCVE,IPHN,YAHR,IDLH,PKTD,DSVQ,PKTS,VGIR,PQLH,VGIY,VGIH,NPTH,THDD,NPTP,NPTT,FRVF,SPWF,FRVA,FRVM,VWTI,SPWN,SPWQ,FRVP,FRVQ,RYAR,NQNY,NQNR,VDYK,NQNI,LREM,NQNG,GRCG,SIGC,QAVN,GRCM,PPQV,QAVY,GDLH,GDLN,TNPQ,TNPY,FLYM,TNPA,TNPN,TNPL,TNPI,GGIK,GTYL,GTYG,GTYT,VPKV,FCVV,CTVA,TPNR,TPNW,ETIC,CTVV,HRTF,HRTG,HRTD,EKDY,AYLC,EKDH,VQQY,PFFM,YLCF,YLCG,YLCL,AFIC,YLCP,MIML,MCMR,MFCN,WVQR,MFCR,MPNF,AVTC,AVTM,TACS,MPNK,TACW,PMRS,PMRR,TACE,QDTG,DPIG,FLYA,PNHP,AEYE,KGCL,MLHS,AEYK,QMHL,NYFF,GDIR,KRAS,RSVH,RSVQ,TRVT,MEKK,PRRR,LLYQ,ASDT,ASDW,QFII,FLVC,PQEQ,PEQF,KFCL,FENH,FENK,PQEY,PQEG,FENQ,FENP,PQEN,MEKW,PQEM,PQEK,PEQQ,IYGM,FYSE,NMIT,PIPD,PIPC,PIPN,FSCD,FSCE,FSCT,FSCP,FSCR,QFRG,GKQL,FYHQ,FYHL,FYHK,QFRV,GKQR,ITVH,LNTW,SNKG,SGNC,VKCV,GMGD,QQLK,IRFR,GMGS,YVQR,QCFC,QPFC,QPFF,QPFY,GYIP,QIQY,QIQV,QIQG,PVFC,LTIY,MVGT,MVGH,MVGA,MVGD,MVGF,DAQN,SEFC,SDPI,YSGH,YSGK,YSGM,YSGA,YSGF,KFCG,RDSG,CDLK,CDLT,CDLQ,DLDT,TVHC,TVHK,TVHH,TVHS,FFNQ,RKDQ,FCVF,RKDE,FFNK,RKDA,IMIE,RKDC,RPLN,FENT,WETP,WETV,WETI,WETK,WETL,KLFF,NAIW,KLFC,KFCQ,CRFL,RESN,CRFT,RESC,MLYP,PEQT,MLYR,RPQI,RPQF,HWLK,RGYH,RPLC,RPQT,KYGI,SDEP,KYGL,KYGA,SDEY,SDEA,SDEF,SDEK,SDEN,ANES,PIKE,PIKC,FGHK,NMTL,PIKK,PIKV,RARR,NMTS,FGHY,GGDM,MKYS,MKYR,ATAD,WPEI,AICG,IGSH,IGSM,AICN,RVGQ,ITMG,HNND,HNNF,HNNI,FVAR,FVAY,RVGM,ITMY,FQRP,SGME,NDFF,SNSM,SNSH,SNSW,NDFR,NDFT,DRQS,NKFQ,NTKS,NTKE,PIPQ,SMRN,SMRL,SYFR,SMRI,IMIH,IMIV,IMIS,SMRQ,VVWL,EQPP,RLKF,EQPH,KPPQ,EQPF,EQPG,DTGI,NMIA,NHLS,NHLP,DGIQ,DGIM,DGIN,NHLI,DGIH,NHLC,DGIG,DGIC,VAHF,VAHP,NMIK,GFFQ,MCSP,GSDG,VYGD,GSDC,GSDN,VYGK,VYGV,VYGW,YAVN,VYGQ,YAVF,PGED,NFQL,LCNP,YWVS,NFQG,NSQG,LCNE,PSQD,NSQY,PGEM,NSQP,NSQQ,FANK,QISR,FEGC,EMEG,REEW,CNAN,YMLI,CNAA,CNAF,NQKY,QKEN,GKQA,QFRF,GDWA,TFDC,TFDA,TFDG,REEG,REEH,INQP,TDQD,QFRY,ITVN,HGHS,HGHK,KKVM,HATK,MQIE,HTVS,HARL,HTVV,HTVT,RFKR,MQIL,MQIN,FISN,FISM,HTVC,FISQ,HTVG,HTVD,MQIR,YFQL,HQQQ,HQQV,TWKK,MKFP,WRLK,RGRI,HQQL,WRLG,CAAV,CAAQ,CAAP,RGRT,WTPQ,FNSQ,FNST,FNSY,AMEC,AMED,IHKD,IHKE,IHKK,DFVF,KSNP,PVPF,HATA,PVPL,PLYC,PLYN,IRRQ,IRRN,IRRM,IRRE,IRRC,WNFS,SHLR,SHLV,IASH,SAHD,PPFR,FDII,FDIK,IVQI,IVQV,PPFD,FDIQ,SAHY,PPFH,PMEV,PFSG,PFSC,PMEK,PMEL,QKST,CDSM,METR,QTSW,QGQA,QSEH,QGQE,QGQI,MCVL,GETY,QSEY,QGQW,QGQY,QTSI,NYTC,QNFT,QNFR,REQN,QNFG,QNFC,PGSD,PGSC,PGSA,PGSN,VEFP,PGSH,VEFR,DYIW,PGST,VEFN,VEFK,VCTI,VCTK,QRIM,WAKN,NYTV,QDPK,QDPM,NLNP,PTQH,LQSK,QMLK,QMLT,LQST,NLNI,PTQL,QMLY,EIGP,EIGC,RFML,YPPM,ITQW,QKRD,QKRE,MRTV,MRTR,MRTY,TTIW,TTIR,RFPM,RFPN,NCQV,TTID,DMYN,TIGR,GYIF,RLGP,RLGH,FYAR,CQEF,CVSI,TITY,CQEH,MNRR,MENR,MNRL,MENH,MNRD,MENA,CVSP,CVSQ,TSQQ,MDDA,RGVN,MDDD,TSQC,RGVQ,RGVV,TSQN,FFTS,CFEL,FMIS,FMIT,DERN,CKDF,CKDD,CKDE,CKDL,CKDR,WAGT,WAGQ,CPYH,KMEA,FPNW,FPNN,FPNK,FPND,FPNE,PYTF,DERI,SRIY,VSRC,VSRN,FQDH,FQDS,FAKS,FKST,FKSP,FNNK,ASRK,WRLV,NWFA,PCLA,VIDN,GVEF,HDEF,IFIY,VIDF,VPPH,SEFP,CGSY,DPRP,NFCV,NYQT,DDFR,DPRD,PALN,DPRN,SEFK,DDFD,GFHK,PTTH,PTTC,NLSW,PTTQ,LVKP,LVKT,VNNS,LAYW,ADSH,CLRL,VNNE,ESQS,ESQQ,NGKM,NGKV,NGKW,PQVD,IKGK,EYKV,MDIS,NWAE,EYKI,QVSR,YTNL,YTNF,QVSM,QVSN,YGTV,YGTQ,YGTD,ARRG,MAHK,HEGQ,MAHL,TEAQ,HEGY,TEAH,ARRT,TEAN,HEGM,HEGI,TEAD,PIYY,YIAT,YIAV,YIAI,WYQH,YFRV,YFRK,YQRD,PIYK,YFRA,YFRG,YQRN,WYQT,AQPS,AHDG,KCAA,KHSM,AQPA,AHDP,AHDT,FSNV,RHAT,RHAV,YHEK,YHER,YHES,RHAA,RHAL,GDAY,WSKY,WSKW,AAGM,AAGH,NDFE,WSKK,WSKF,IENY,IENP,KQCR,IEND,RWLE,RWLF,RWLS,RWLT,RNWV,ISQN,FWII,ISQD,FHLC,FTHI,FHLF,FHLG,RTRP,RTRS,FTHF,RYVE,HSSF,FHLT,RYVM,FTHS,RYVN,RTRE,DSNT,DSNV,DSNQ,SINF,DSNI,FHVG,IYKH,VGAC,IYKS,IYKY,DNAQ,IPPV,IIDP,DESW,IPPG,VWLL,IPPE,IPPD,DNAG,SVWR,DESF,KVVM,DVRP,DARY,DVRW,DARH,DVRF,DVRH,DARF,VDAH,GRKS,GRKQ,GRKN,GRKM,GRKE,GRKA,QVNG,QVNE,QVNI,QVNP,GDAN,QEWM,QEWL,LDDM,LILW,LDDP,TYHK,LDDS,LRMK,LRML,LRMS,LYGH,LRMT,VRLP,VRLW,EERQ,EERT,VRLF,VRLH,HEIG,EASM,CYRA,MGCI,CYRG,EASH,EASC,CYRT,TPVK,PYYI,YLKY,YLKH,YLKC,MIEI,MIEL,PYYS,MFKI,MFKK,MFKA,MPVY,MYNV,MPVR,MYNK,MPVI,MPVG,MPVC,QYQY,HLGP,RNLC,RDSY,RNLF,TAKC,CDLR,AEAM,AEAN,AEAD,WVIV,WVIW,WIKE,WVII,KGKF,KGKW,PQML,PQMD,PQME,PQMR,PEIY,NPIR,NPIE,NPIG,NPIL,FRCG,WHST,FEVY,KFKY,FEVP,KFKQ,KFKN,FLNI,KFKL,KFKM,KFKK,KFKI,KFKF,FYPR,FYPQ,KFGE,SCCY,FYPI,QLCY,QLCH,QLCI,QLCF,QLCG,QLCD,QLCE,SITH,GRVH,SITF,ACWR,FSKC,QQDC,GKIK,GKIC,QQTV,DKKV,DKKN,QQTC,NAFE,QQTK,NAFL,GGGH,GTDQ,GTDT,GTDV,LMVN,LMVL,GTDE,GTDH,VRQG,KYPQ,VRQP,VRQY,KNQE,GLWP,ETTM,ETTC,GYQW,EHHF,GLWN,KNQN,LTHN,LTHH,LTHD,LNLY,RQEY,DPLC,LNLH,LNLM,ILMN,RPAT,YLVI,YLVK,CRFC,YLVV,YLVQ,MLYA,TAVK,TAVW,TAVQ,GANF,TAVY,FGEI,CSTM,MCYV,CDTS,CSTY,CSTS,CDTG,CDTF,CSTV,HVNF,RSIC,RSIK,RSIH,DKQH,RPYM,YGQY,KVWG,RPYS,KVWL,RKLW,FFFN,FFFC,RKLM,PHKT,PHKV,CRNY,DKQC,DLCA,KLNP,DKQG,CRNG,HDDV,REKQ,CGRI,CGRF,QVRH,KFVA,CGRA,HDDF,HDDL,STQR,KFVQ,HWDA,CGRS,SNDG,SDMK,SDMI,DQYA,PICI,TFRG,ATIH,FVYR,ITEW,LWGL,TFRM,HNVH,HNVK,HNVA,FVYF,HNVG,DKVM,SYNM,SYNI,DKVC,SGEW,DRIH,DRIE,SGEC,IFCP,IMQK,STRC,QQDE,STRA,STRF,DMDQ,DMDP,QCSE,EHWL,DMDF,GPVW,QCST,GPVT,SWPT,EQHR,RARQ,EQHQ,YFIC,NKNE,VHTP,NKNL,VHTH,SQEW,VHTG,VHTE,ENEP,YAAT,TLCQ,GNLQ,DDEI,EYGH,YANT,FKIY,YANQ,TLCI,GNLY,YANK,DGQT,NHTP,DGQP,DGQS,NETG,NETF,NETE,NETC,DGQY,DGQE,DGQG,ERQY,NETS,NETQ,EYGR,DFQR,MVRA,TLYW,MVRN,MVRL,MVRW,MVRT,FGET,EDNS,EDNT,KKNW,KKNE,KKNC,TGFA,ITMT,IHAE,TGFQ,TGFT,TGFV,CNIV,EVPR,MLDA,CNIA,RVGH,EVPK,VVHK,KPHP,KPHS,ERRE,KPHF,MQQH,MQQG,KPHN,EHVV,RAAM,VVHE,RAAP,RAAQ,AITY,WEAM,YNVD,YNVC,AITK,MKNN,WEAY,YNVP,HQIP,KTYG,HQIE,WRTI,MTDF,KDVN,SNFF,SNFA,DFND,DFNG,DFNL,SNFT,DFNN,KTYI,RQRQ,WDER,WDES,PLAW,RQRS,PLAC,SNSC,MADA,IQHA,IQHV,FHIT,EDQR,IVYV,EPEK,FDQQ,FDQP,FDQS,FHIY,TEME,FDQH,IVYG,IVYE,DDPV,MLNI,SQLW,FHIA,FHID,FVHP,SQLN,VYRK,VYRG,VEND,GSQY,IECV,VENN,GCPC,GHDE,QGID,PPNI,PTNA,PPNP,QNNK,QNNG,LPSC,DYAN,NSLC,NSLF,PTNH,LPSW,HNAE,QSMC,DIVN,QSMK,HNAA,QSMI,QSMQ,QSMP,DIVW,DIVT,FVHY,QMDT,LFWQ,THGD,THGG,THGA,LFWN,EGPY,HNAR,QRQS,CNTD,QRQT,EVKP,QRQD,CNTP,QRQK,QRQI,CNTY,MRLW,MRLV,MRLP,MRLN,YEHT,KPSE,MEVW,HAMS,HAMP,CVKA,CVKV,CVKT,MEVA,MEVC,MEVH,EGPA,YQVE,TTAW,TTAP,CHFG,KSSH,ADNQ,CPQD,ADNE,ADNF,MWLL,WKVH,VWDF,CKLR,CKLA,WSLP,RQRN,IADW,IADC,AQTM,FPVT,FPVQ,IVDD,MLGQ,FPVC,FPVM,IVDQ,FPVK,FMAQ,FMAI,RMGE,PYLD,PYLF,PYLI,HIYF,RMGY,FHSD,SRQW,SKGR,SKGQ,SKGG,IDCA,PSRW,PGFN,PSRD,PGFY,GNEF,FACV,PGFR,ELPN,YRAS,FWFQ,VWGV,NFKK,QDGA,QYEQ,NYIQ,NYIE,NYIF,QDGQ,NFKR,AGTR,VILW,ESYR,ESYQ,NGSM,NGSN,NGSE,TRNL,TRNN,YTFR,DMYE,TRNG,YTFF,YTFN,YTFI,TRNV,VNVV,EIPH,HYFE,VNVE,EIPY,YCSI,EYSD,EREF,EYSK,EYSI,YRTR,TSDR,TSDF,TSDC,YRTD,YRTG,WKKA,FGQF,KTMG,KTME,TCSN,TDEA,TDEF,TCSF,SYQL,TDEQ,TDET,TCSR,TCSQ,YIII,FHSH,YIIA,YIIC,YIIY,YIIQ,YIIP,YIIS,YIIR,TEYR,TEYS,TEYV,KISC,KISN,RQFL,HHAD,HHAA,TEYE,IEYS,WSSP,WSSY,HYRF,WSSD,WSSK,HFGQ,KHKP,KHKR,HFGT,FKNA,FKNG,NTRD,AHLP,HFGG,KHKA,KHKC,KHKL,AHLY,KCIR,HFGN,KHKK,HIEE,HIEN,HIEM,PSIK,HIER,HIEQ,AHPF,PKDT,DSFE,PKDE,ISIY,ISIC,ISIM,VMQE,IEFS,IEFT,IEFV,IEFW,FHDP,FHDV,IEFD,IEFG,FHDA,DDSE,DDSD,DDSG,DDSA,PTIM,DDSI,QVIH,QHEQ,QHEV,QHED,QHEE,NISH,NISM,NISC,NISA,IYSW,NISY,NIST,DNII,IILI,DNIN,IILC,IILY,SPGH,DEKN,IILQ,DEKH,IILW,NNSY,AMRT,NNSR,LWVG,NNSV,LWVP,LWVR,TGIM,VGYK,VGYV,EFTK,EFTC,VMRR,EFTE,QAFY,QVFN,QAFG,VMRL,EFTQ,QAFK,MTWL,LITP,NDIG,CRPV,HETA,VDIC,VDIM,VDII,LFRY,EKTK,EKTD,YQGV,WMRV,YQGQ,YQGM,EKTT,CTFS,YFEH,YFEI,DFDW,YFEV,LSYT,LSYD,RHRI,RIPC,CIEG,CIEE,RIPQ,RTVW,RNDT,CIEP,CIEV,RTVQ,WLTI,WLTK,WGHK,WLTC,RTVS,WLTF,WLTY,WLTV,HRDH,MGKF,MGKT,WWEG,MYFT,AVDY,MYFC,AVDH,SFQF,KGQK,PDEE,SFQP,MFST,MFSP,KQPA,AFYA,AFYN,KQPH,MFSE,RYEI,KQPR,MFSC,RYEG,KQPY,RTGF,RTGL,WISN,WISQ,WISP,WISS,RTGR,WVAQ,AYTK,DSRE,FCFT,FCFI,FLFE,PEAH,PEAF,PEAE,ANTQ,AEIF,AEIH,FRKF,FRKR,DVGY,GDGQ,GDGR,DVGP,DVGE,GDGC,DVGC,DAEC,AYTV,TQYY,DAEY,NPAK,NPAN,NPAF,NPAS,VMIL,VMIA,VMIE,VMIY,NNPY,MGQV,SSMS,NANN,MSEH,NANF,NANQ,LMNY,VDRG,VDRN,LMNK,NQEN,VDRS,LMNE,LMND,VTML,VRYY,VRYF,ILEF,GYYP,QPVV,QPVI,QPVH,GYYG,MSEQ,QPVA,EALM,LSDC,HIRA,GWRS,LSDH,GWRH,LGPV,LNDV,LGPR,DNEE,YVAF,YVAM,YVAV,YVAQ,YVAY,MPED,MPEE,MPEG,MMGK,MMGI,VIHC,MMGA,MPEK,MPEQ,MMGY,HLTK,RSAN,HVFA,RSAM,TKHK,HVFS,TKHT,INMA,KGTW,KRTA,KGTR,KRTE,RDCP,KGTY,KRTQ,KRTT,KGTM,RDCG,RDCF,HDLH,INSH,HDLE,HDLF,INSN,HDLC,INST,RPAH,AERN,FRYK,AERW,AERS,KLVF,ASYK,KLVM,KKVC,IGCA,FVQV,IGCG,FVQD,PRFL,PRFI,PRFT,ACDM,ACDD,SNAN,ATQP,ATQQ,SSCT,ATQV,ATQM,IFKR,MAVC,GMLC,KYGS,MAVF,IFKG,IFKI,IFKN,SYVE,HARR,SYVT,MTRQ,DQAG,DQAA,QLVM,DQAI,DQAV,MAVP,DQAT,QLVP,DQAP,QLVY,KQVF,MAVS,TSMC,VKVY,GYFC,DMLN,GYFK,DMLC,GYFI,GYFN,GYFL,DMLF,GYFS,GYFY,VVGH,DMLV,NDVR,NKVQ,NKVP,NDVD,DRAK,HSDN,VHLR,VHLP,WVGV,VHLD,VHLI,VHLN,EGWI,EGWK,ENMK,ENME,EGWG,ENMY,ENMR,CAAD,WRLS,DTWF,DGYN,DGYK,DGYE,FLNH,DGYY,DGYW,DGYP,DGYS,AVGC,TFTH,QARV,HQQE,TFTT,CSIQ,YAFM,CSIR,YAFK,YAFF,YAFC,CSIE,CSID,CSIG,YAFP,CDGK,CDGT,TMEE,TMER,IIEM,KKFH,TGNT,KKFC,TGNC,TGNE,YSLH,WTPT,YSLR,MLLV,AMEI,FVNM,AMEM,DFVY,KEPF,FICE,KEPH,SDPK,FICI,CVGF,WEIG,WEID,WEIA,MKVV,DFVN,AILC,MKVI,FDVR,MKVL,STEA,IFVN,IFVK,CGVK,STEY,WNVD,WNVR,PTII,FGSC,FGSD,RAIT,PLIR,PLID,GPIT,GRRD,GPIG,GPIC,GPII,MVKV,WVLQ,SGVD,SGVH,SNNN,SNNI,SNNK,NDKV,FRQT,SGVY,DFFQ,WVLH,NMLT,LCEV,FTVP,ELNR,LPKY,LCEN,NSDV,GSYE,GSYG,GSYK,RYHV,DHPR,DHPS,NEKS,NEKQ,NEKF,FDYD,NEKD,FDYF,NEKC,FDYM,NEKL,FDYN,FDYI,IPER,PPVC,PPVK,PPVH,PPVW,FNFG,PPVR,LEWR,LEWT,LEWL,MDDF,KPYR,GEDY,GEDQ,GHLD,GEDM,QGAD,GHLM,GEDD,GHLH,QTCF,MRDE,MRDA,MRDI,MRDH,MRDK,FNFI,EVCG,QRYM,QRYF,QRYE,QRYW,AYHR,AYHS,CVCV,AYHY,MHRI,MHRL,MHRE,HAEL,HAEH,HKQV,KEMH,KEMS,HKQI,KEMQ,HKQE,HKQF,HKQG,YNIV,YNIL,CAVF,CAVC,HKSD,CAVP,VGNG,MDTR,RGFY,GIRM,KDIR,RGFR,SSWR,RGFT,MDTA,SSWI,KDIM,SSWA,KDII,CKTP,CKTV,HLMT,PLVP,CKTD,CKTE,RLWV,RLWQ,RLWP,FDIN,SAHH,PAPI,RASC,PPFF,SHGR,SAHV,SHGH,SHGG,GRDT,PMPS,PMPT,PFDP,PYDP,PFDG,PFDE,PYDD,PGNE,DYTF,PGNA,PGNC,PGNK,DYTT,PGNP,PGNS,NVHA,NVHN,QNQG,DRRW,NLCQ,NFSI,NYAF,NFSM,QMQR,NYAT,NYAP,NYAR,FQTS,DIIT,SRYH,DIII,LKHH,LKHN,LKHM,QKGC,QKGD,QKGG,THTL,LKHQ,VITD,ESAQ,ESAH,MDVP,IQPQ,IHPR,MHIV,KSYY,TRFD,TRFF,TRFK,TRFP,TRFR,TRFS,TRFW,WQYS,YKYE,AMLC,PNEY,MDVA,DPRT,YCKL,CPLS,WALA,YIQG,YIQF,CLPR,YIQN,CLPK,CPLE,CLPN,CLPD,CEDN,MDKI,STHP,CEDQ,CEDY,DRRG,MIAF,TCKF,PAPQ,QSEA,MKSW,MIAT,QGQQ,MIAP,FMTS,KIKP,MFGP,FMTK,FMTI,KTER,FMTF,FMTD,ICFY,TEQR,HHIS,RQNH,TEQT,LYTF,AAWG,AAWN,KNSR,FSNA,AHTT,VTWG,FKFN,FKFL,FKFR,DPRF,KHCQ,PSAC,PTAK,PTAH,PTAN,VMLI,PKLP,WPLR,FQKF,FQKG,FQKD,FQKH,FQKS,PAGP,PAGQ,SQGW,DDKR,PAGH,SESC,DDKK,SQGN,QYVD,QYVE,QYVA,DNQA,DNQC,NGFA,DNQM,DPRC,NGFH,DNQS,NGFR,NGFQ,DNQV,FLCK,LVDP,QHML,GVHN,GVHM,ISAC,GVHV,GVHQ,QANN,GNGE,GNGN,GNGM,EFLP,GNGT,GNGR,QANT,QANW,QANR,HQGL,VGQN,VGQG,VGQE,VGQA,CLKK,CLKN,CLKF,CLKS,YGAK,YRGF,YRGH,YRGI,YGAE,YRGR,YGAR,YGAQ,YGAP,LHRG,LHRD,LHRE,LHRT,LHRR,LWNY,LHRY,YHHR,RREY,LDTR,LDTH,HERR,LDTF,YDTS,RIHY,TPNN,RIHR,RIHP,RIHI,RIHN,RIHG,LMII,KNNK,MSGR,MGSM,MSGA,MGSE,MGSD,HFPG,HFPD,KNNR,RWGI,RCSG,HIPD,RCSP,RCSS,RWGT,RWGV,TRFM,KGGC,SFIA,PGHF,PKSC,TQSH,PKSH,PKSV,PKST,PKSY,WLLD,WLLF,WLLH,WLLS,WGPR,HVQQ,IESD,HSFQ,HSFW,QMLN,SLTW,HSFE,HSFN,HALP,NINP,FCNP,QHPA,NINE,NINK,REPR,FRST,SPRR,SPRP,FRSN,IIQI,LEGW,VMAR,VMAS,VMAY,MNII,DAMQ,YKPF,DVHK,DAMM,SCSI,HALN,VGLM,IYDK,IYDQ,VGLW,SIDY,NPYG,NPYF,GRFW,SIDV,SIDH,GRFF,GTTA,ELIC,GTTK,GTTM,GTTQ,VRAE,TQHG,ELIY,VRAH,RREE,YVKV,QEHT,QEHF,VKDK,LRFH,PHRL,NQMI,LYRP,EKIN,ETDA,NAVC,NAVH,NAVK,NAVM,NAVY,YPPS,HLLW,HLLF,HLLC,YKRT,YKRA,YKRG,YLFE,YKRH,EADN,HRYS,HRYR,EADH,HRYV,HRYA,TPCE,EADW,HRYK,MMAC,MYSV,MYSR,MPMR,MPMI,MPMA,RDKY,TKPP,TKPT,TKPK,TKPG,RSYF,RSYK,RMFR,AFLM,MINI,AFLH,CCES,QKRK,MINF,CCEE,CCEA,HMLS,AFLW,MINT,CCEH,TQKC,TQKD,TQKF,INDR,TQKV,TQKY,KAYE,KARP,KFFV,ASAC,KFFE,INKC,KARN,INKE,KARM,PETF,RPIQ,CPPS,PETC,HRAH,FCQI,PETK,FCQR,FCQS,NLAC,HADQ,LIWA,PEMH,PEMI,PQIG,ASHR,ATYT,IGKP,ATYA,PSIC,FYGW,GDRC,PRNT,PRNV,PRNQ,FYGE,GDRQ,PRNF,PRIG,QQQD,QQQG,ACLK,ACLN,WQLG,ACLV,TIGY,QYFK,GGPV,GGPR,DLRW,DLRY,RRKC,RFPY,GMDP,GMDQ,GMDR,VQGM,GGPN,QQAH,DLRN,QQAN,RRKF,QLNS,QLNR,QLNM,DQIM,DQIH,NQPE,VKNS,NQPL,NMLA,PISY,QLGC,PISV,PISW,NMLS,NMLR,NQPY,MIHW,VHDH,GWGD,AFNQ,VAPD,GWGV,VHDY,PITW,VAPY,VHDR,VHDS,VAPQ,EHGG,EHGD,EHGE,MGRD,LNYV,MEND,YVTL,DMTK,QPEK,QPEQ,QPER,FSGF,QIRP,QIRT,QIRV,QIRY,QIRM,QIRN,RDTI,TVMI,TVMG,WHLL,FAYN,ESCK,QFNT,THVT,CSAI,FECD,MCFL,CSAR,CSAT,TMMV,CGGI,HDQD,CGGP,HPEE,KAPM,HPEH,APGY,THVF,RPRI,APGP,APGK,APGH,CREY,YSDD,CREQ,CRET,YSDM,YSDR,YSDW,CREA,FVFY,FVFR,AIDC,ATDM,IGPD,FVFT,ATDH,FVFK,HNKE,AIDQ,FVFF,FVFE,RVDK,RVDN,RVDE,RVDQ,RKGT,RKGW,FFSN,RKGY,RKGF,RKGM,WEQV,WEQR,WEQG,WEQE,STMP,STMQ,STMN,AGRH,NTTV,NTTT,NTTS,STME,KFPH,SYCK,IKRH,IKRP,IKRW,IKRY,SYCQ,SYCR,FIKH,KYDE,FIKA,FIKD,RAQW,RAQK,KYDV,WSIP,ILHK,GPAG,GPAD,KFPC,VVTC,SGNQ,DTFQ,DRRM,FNKK,FNKM,FNKL,NDCI,SNVD,DRRA,SGNF,FNKF,PVHM,PVHC,PVHT,LPCQ,LPCS,AWRS,LCME,GSAP,GSAR,RDDS,DGDH,DTDE,DTDF,DGDC,DTDI,DTDK,DTDM,DGDD,SAPY,NHAG,DTDY,QDFF,DCER,TFIT,RDDC,LLEF,TFIH,VLFM,NFTL,IAFH,EDEK,QTKR,QTKP,QTKQ,EPQQ,EPQV,QTKF,QTKD,GELM,EDEV,TMPG,TMPA,MHKN,WAGV,ERKN,EMFA,SHWI,CANM,CANH,CANR,CANY,WTSD,WTSL,WTSK,KEEM,KPCG,KPCL,KEEC,VSYY,KMEI,YNAF,YNAE,YNAY,YNAV,KSCY,KSCA,HTKK,RFHD,RFHF,HKIG,HTKQ,HTKP,RFHQ,HKIK,PFLN,PFLV,PFLQ,KDAH,FNPA,FNPE,AMFS,RGNH,KDAQ,PGVW,DYLG,VEEC,VEEH,GIWI,DHET,IATF,KLIM,DHEI,QMIT,QMIK,QMID,NLKH,AGWV,FEDT,QGVY,IMFL,GCEE,QGVF,DIAM,DIAH,GEQN,QTVF,QTVC,GEQT,ASVH,DIAW,DIAT,GEQY,ELAM,THLT,THLR,THLS,THLF,THLH,THLK,NHND,VPHY,VPHS,QRDG,VPHG,VPHD,VPHE,VPHA,YCCS,CVVF,CVVA,MECL,CVVM,CEFP,MHAY,MLCT,YIYP,ADEQ,ADER,CELV,CPDG,ADEG,CPDQ,CPDS,CELG,TTVN,WQQK,TTVE,TTVQ,RLHR,RLHQ,RLHC,RLHL,VSRW,AKMP,AKMV,RGQF,TSTH,RGQK,TSTD,TSTC,RGQL,RGQS,TSTY,TSTR,FMLW,FMLV,FMLT,FAVE,PSYY,PSYE,FPCL,SHRL,SHRK,FHTK,FHTG,GFWY,PTYC,PTYA,DPWV,DPWP,PTYD,SKPR,SRDN,ERDE,SKPE,EYPK,SRDR,SRDP,DNYQ,DNYR,NGNN,NGNI,NGNF,NGND,NGNC,VICL,VICR,VICS,ERPP,EYDR,ERPW,EFDS,ERPA,EYDG,ERPK,EYDK,EFDG,QVVM,EHEA,LVLH,LVLW,VNCQ,NASM,VIDH,WKAY,TDFF,PIFH,YGIE,MTGW,YGIT,MTGE,MAEG,TELY,MAEQ,TELC,MAEV,VKQM,DDFY,DDFV,RNTE,RNTK,CVPR,WYVD,DPRY,KNFG,KNFH,KNFT,KNFR,KNFY,PARG,FHSE,SQTG,HSNA,PARN,SEFE,SQTM,HSNF,PARR,PARP,HSNT,DSMR,DSMC,DSMK,HYED,WSDE,WLDM,WLDD,WLDF,IEKN,IDKG,IDKD,IDKC,IIYQ,IIYR,TKDW,GRMD,NCPI,NCPK,TIYE,GNRM,SILW,GNRE,GRNA,GRNC,NIFK,NIFE,NIFD,NIFY,NPQY,VGDD,VGDF,NPQP,VGDN,APDT,NPQN,NPQE,LRNP,EEWA,VRIF,VRIR,SDHA,DVWW,DQDF,LSTM,EKAC,HENI,EKAY,GPYF,QEPT,QEPG,TYKK,LDAC,LDAN,TYKD,TYGS,TYKS,MYKT,MYKR,PSCV,RQAA,HLDN,HLDG,HLDA,RNII,RNIH,KHAY,HLDT,HLDP,TANP,MSTY,YMDA,MSTT,MSTV,ETLC,YMDT,MSTH,MSTI,YMDQ,TPKI,HRQG,KRDR,KRDP,KRDY,KRDC,KRDI,ALYD,KRDN,HVVR,HVVT,PDRI,HVVY,PDRD,KGDM,KGDK,RSQP,RSQQ,RSQN,HVVA,RSQK,HVVF,RSQD,WGEL,WGED,WGEG,WGEA,YLND,YLNK,MIFK,MFFF,MIFR,AFDQ,TQSM,MIFW,MFFS,MFFR,MFFV,TQSF,KYHI,ASIN,KFNS,FLKP,SMGR,FLKY,FLKI,WFAY,KYHK,WFAR,WFAL,WFAC,SIQF,SIQI,SIQW,FSFW,FSFT,SCDG,PQHG,PQHI,PQHQ,PHST,PHSV,PHSP,CFLI,PHSY,PHSE,VTFH,VTFL,VTFA,VKFY,GTGE,VTFY,ARYT,VKFD,VTFV,VKFL,QECF,PRVT,PRVP,PRVG,PRVA,PRVC,PRVK,LMQV,KTLC,QLFC,QLFN,LNQN,FQMQ,LNQQ,LGGP,WSYK,DGTR,NAEH,QQIK,NAEC,DKNY,QQIG,QQIY,DKNF,DKNA,NAER,CSCE,GFQT,EQMR,CSCS,QTDS,QCKP,GLRH,ETSK,QCKY,GYVE,ETSY,GLRP,CDWS,QTDP,CSYT,PSHW,TVEP,TVES,HVKN,TKGH,HVKH,TVEH,EGGY,EGGV,EGGM,DEAD,VSKH,PSHY,GLMS,HDYR,REVQ,FEWL,GPQF,ITHK,HNSV,HNSQ,HNSE,HNSA,FFKK,PHHP,PHHY,VKYC,VKYG,VKYV,IMRV,NTLM,IFFY,IFFF,IFFK,NTLY,FGCP,RAYV,PING,PIND,PINY,FGCC,RAYK,VHYV,VHYC,EPAT,VHYL,NRRK,NRRM,NRRY,SYKA,IWGA,SYKT,VQRS,NKIY,NKIS,NKIP,NKIH,NHIM,DGLI,DGLH,NHIE,DGLP,DGLW,NHIS,NHIT,VFGD,VFGF,NSTR,VFGH,KQLM,VFGW,VFGQ,NSTN,NSTG,DMGI,DMGL,DMGA,GPYS,VVLC,DDTF,QIGV,QIGN,EDMF,EDML,EDMQ,EDMS,TLVC,TLVM,FHET,SETP,GSIC,GSIH,YASC,EPIY,YASE,YASN,EPII,EPIE,CRPE,HPRY,CNLI,MLCE,CNLG,FHNI,MLCQ,IKYQ,CNLV,CNLS,YEPG,YEPD,YEPP,TFAK,TFAC,TFAG,TFAQ,FHNT,STVH,YNYF,CAFV,CAFS,YNYI,CAFC,YDRP,YDRS,HQTF,YDRK,WRKY,YDRA,HQTP,WRKR,HQTV,KKSC,APRF,HGGL,TGEP,APRN,TGEV,HGGE,TGEH,APRR,HGGT,PLFW,PLFC,PLFN,PLFM,AGGD,AGGP,MQRT,KPKM,AWLV,MQRQ,MQRS,FIVY,KPKE,FFQN,FIVE,FIVF,MQRI,KPKR,RADG,HTSC,HTSD,HKAD,HTSH,HKAY,RADP,HKAQ,HKAR,HKAS,FFQT,AHDE,PFTK,PFTR,PFTQ,KSKP,SNED,KDYE,RRRY,IHNM,DFSM,KCAL,RRRN,DFSP,RRRH,KDYQ,EQTQ,PPKG,PPKL,NNNT,DYDT,QNAD,LPPG,LPPH,LCPD,QNAV,DYDG,LPPY,LCPQ,NFCF,FDRP,FDRQ,FDRS,SAMY,FDRC,SAMS,IRDY,DIYH,NTVC,LQNS,QMAR,QMAY,DNVG,GSRD,VEMM,GSRC,VYQV,VEMY,VEMT,GHGP,GEYQ,GEYP,GHGD,QGNA,GHGA,GEYG,QGNK,QGNI,GHGI,AGPE,QRLH,QRLM,QRLC,IFPF,QRLY,QRLS,ELTN,RHAC,NAKI,EIHL,EIHF,EIHD,EIHS,EIHP,HSTY,CVNR,CVNA,GSHF,LFHP,HTVA,HAHN,TRVW,MEKH,FAHT,MEKY,TRVK,TTND,TTNA,FGMF,RAWG,FMDM,FMDA,KSTC,KSTA,ADMH,KSTD,CETS,RGYR,KSTN,CETY,KSTM,KSTT,CETL,RGYD,ADMS,WKSD,WEFE,ITPT,WKSR,FKVG,FANA,PSQM,PSQN,FANE,FANI,PSQF,DGMG,PGEQ,PGER,PSQQ,DGMK,AKEW,QAGR,IVGF,EFKR,IVGM,FPKW,QYFL,PTQR,NYTE,NFHI,SECP,NYTP,QYFY,PTQK,NYTY,DCIS,QYFS,NVEV,NVEN,SRLC,DFYN,NGVW,QKLN,NGVY,NGVL,QKLW,VIKP,HSTA,NWAI,VNKK,VNKL,VNKN,VNKF,YCPL,YCPI,EYLI,TCVD,TCVY,HEPV,YTEH,TGMG,YYGY,TRKT,YTET,YYGK,YTES,SNTG,RQEW,TEDM,TEDD,TEDY,RQEG,PCFE,SGHM,TSKV,TSKT,TSKP,TSKQ,YGQT,MAMS,MAMR,KIPM,KIPH,MAMN,KTPP,MAME,KTPT,MAMG,MAMF,FKIC,FKIA,FKID,RYVT,FKIP,KHVV,FTHN,HDRL,HSSY,FHLS,AHKT,AHKN,RYVA,AHKD,VWKS,DDPQ,DDPS,SQLH,DDPM,DDPH,DDPE,DDPF,KQHQ,FTHQ,HSVD,HSVK,PTNI,PTNV,WSLF,WSLC,CIVN,HYMR,WSLQ,SVRT,SVRH,SVRC,SVRF,DEVN,DEVS,IIAP,DEVP,QWMP,DSEM,DSEW,ISVH,KKRD,VKRQ,VMQR,QVIQ,VMQN,QVII,FNGN,LVQM,IYTQ,IYTV,IYTT,IYTY,SDSC,CTLT,LRVQ,VQKQ,LRVC,ELYT,ELYH,ELYI,KYIP,NNPW,RALC,NNPE,NNPF,YFKV,IYKN,EKYQ,KNHV,EKYE,HIVH,MAVH,MAVI,MTRG,MAVK,LIWR,TNET,MTRN,TNER,MAVY,LDIM,TNEI,MTRR,TNED,LDID,MTRY,HRIN,HRIT,RNAM,RNAE,AVGQ,RNAA,IDDA,MGHT,EATW,KECF,EATR,MGHQ,EATM,MSLC,MSLN,EATE,FTVN,WVLR,RYHA,EQLF,DSWY,WVLM,DESE,FTVS,WVLF,IIDI,ALQW,KGLW,SFTQ,KGLN,KGLM,DSWS,KFCI,SVWP,FRHV,FRHL,SVIW,CQKN,SFKF,PNEQ,PNET,PNEI,PNEL,PNEE,HAVQ,SIYQ,SIYC,ANIK,VMLE,VMLD,IWDA,FSNM,FSNL,VMLR,VMLQ,FSNY,FCAS,FLCC,PQPN,FCAE,PEDM,PEDN,PEDK,IAWS,DFKR,LMIR,KECT,MQMQ,MQMS,LMIL,VRVP,VTNN,VRVY,VTNQ,VTNT,VRVM,DVHQ,QFEF,QFED,MTVS,NNMT,NNMS,HTRL,LTMS,LTMR,LTMA,LTMI,LNIK,HFYE,NEND,HTRS,GMTQ,GMTT,GMTE,NAMF,NAMG,QQQP,MGLY,TAQP,HLYG,TAQN,HLYP,HLYT,HSHF,YMQT,EAIN,YVDQ,YVDH,YVDG,YVDF,KRSW,KRSN,TQFR,KRSC,CSQF,MCVK,RDDP,KGQD,KGQA,MCVG,RDDG,MCVS,GNWI,YKGT,QGSA,YKGA,YKGC,CCNT,CCNQ,YDSY,WTTY,GYVQ,YSTP,YSTR,YSTC,YSTK,YSTL,YSTN,HDAY,KAGW,INVV,HDAK,KAGE,KAGF,ASVM,YDSC,ACAN,ACAT,ACAQ,ATTE,RENE,REND,KVRC,KVRG,FFCN,PIFC,VKQQ,WFTP,PIFT,CTEC,NTDP,NTDG,NTDA,FVVH,FVVI,FVVM,FVVD,RVTN,FVVR,RVTF,KYTP,DQDT,DQDM,KYTA,KYTF,KYTH,DQDG,KYTK,NDSN,NDSE,NDSD,NDSA,NKQA,NDSW,NKQK,NKQN,NDSQ,VAGN,VHQK,VAGH,VHQA,VHQV,GMIG,DLGR,IFNH,IFND,DLGC,SYSD,DLGN,KQQW,HHNE,KQQT,EQMC,NESY,NESV,NESW,NEST,DGTW,NESP,NESQ,DGTH,DTTE,EQMV,NESF,DGTG,NESC,PLER,NHQA,NHQT,GLMT,EHRY,GPQT,GPQR,GPQQ,GLMF,EHRD,EHRF,GLMH,EHRN,LRMY,VVDH,DGDF,QPHQ,AGFN,EPAY,EPAH,WDAY,TVVY,IWID,TVVN,EGTF,EGTH,YAKQ,EGTQ,EGTW,VLVH,YSID,RFCQ,MLKK,MLKH,MLKI,RFCP,NSGH,KEKQ,TFYC,TFYD,TFYG,HDKL,TFYN,EMVF,EMVA,TFYV,WEFS,YNQM,WEFC,YNQG,YNQE,MKKM,DVKY,MKKP,AIQR,KKKM,KKKF,TGMV,RKRC,TGMA,TGME,KDVC,TGMK,PLNG,TWVE,HQLG,WRSA,AYPR,AYPN,WRSR,WRSS,HQLV,AYPG,AYPC,TPVW,ANPD,ANPG,ANPI,KYIL,FGVS,ANPN,KYIV,ANPV,AWDR,IRMF,FWKA,IRML,EVND,AMVV,KDQY,AMVY,DFKQ,DFKN,AMVG,IHFD,DFKE,DTID,PPSY,NENK,DTIN,SAEH,NENA,SAEM,PPSM,NENY,PPSH,DTIQ,NENV,NENR,AENK,QNIT,LPHN,LPHC,LPHD,GPLM,GPLL,IQEW,GPLH,GPLK,IQER,GPLE,GPLD,GPLW,IQEH,EGWL,GIGQ,GEAW,QGFN,QTFT,DIQT,QGFA,QGFG,QGFD,DIQN,GEAC,QTFK,DIQI,QSRK,GEAK,FRLQ,NSGA,VYYV,YEMI,VYYK,VYYE,VLKC,IIVY,VLKY,EVNL,EVNG,CNSY,CNSK,YEMP,QRTE,QRTG,YEMY,QRTQ,QRTR,QRTT,QRTW,QRTY,YEMH,LQFI,LERP,LQFC,NACE,LQFV,LQFP,YNLH,YNLK,YNLD,YNLY,YNLT,CHIE,CASD,PWFF,CASA,CASC,CASN,CASK,CASQ,LKPR,MRGI,LKPY,MRGG,MRGT,TGPK,IPIY,TGPI,LFPT,DTKT,TGPR,TGPP,CKIK,CKIM,CKIA,CKIG,CKIF,CKIP,AYML,KPVH,CVFQ,KPVN,MESR,CQRE,KPVY,YDAS,MESN,MESM,KPVR,MHQK,CVFI,CVFH,CVFK,MESD,WQAQ,TTFV,TTFF,RRGI,MIED,MIEF,PMSK,PFAE,PFAF,PMSG,YNLE,PFAY,CHIS,PMSR,LYPP,CPTI,RGAR,MDSK,KDLN,RGAT,QSIC,MDSA,MDSE,RGAC,RGAD,KDLW,MDST,PGMY,QNTK,PGMQ,PGMR,YNLP,FAFI,PGMH,FAFC,QNTQ,FAFD,PGMC,CASF,FPSR,FPSC,FPSF,FQSH,FQSA,FQSG,FQSD,FQSY,FQSS,DILW,FQSQ,NFPP,NFPI,NYLI,DPGN,DPGI,VEPM,VEPE,VEPY,VEPR,NVME,SRTN,SRTM,QYVP,SRTG,NVMQ,VISQ,GVPF,VPER,VPEI,GVPY,VISM,ESFC,HLGF,ESFD,ESFH,DCAK,NWIP,KHSY,HPPL,GQRH,GQRC,VNSK,VNSN,VNSW,QKDA,QKDD,QKDF,QKDN,QKDT,QKDY,THYT,FIWP,KDCC,YIRA,FNVH,PQTT,MHLD,MHLM,EYTM,TRCS,MHLH,TRCN,EYTS,EYTY,TNSY,KIHQ,KIHY,KTHS,KTHR,KIHH,KIHK,FNVY,RMQL,RMQP,RQMT,CLSQ,ADPI,CLSW,ADPC,VDSK,YGYS,YGYR,TSCL,TSCK,TSCF,YGYY,WKLG,YGYE,WKLM,WKLI,AHSW,AQET,AHSY,KCRT,KCRV,KCRI,KNVC,HIHV,HIHP,HIHR,HIHY,HIHE,HIHG,HIHN,HIHH,AKRY,YHPG,YHPA,AKRN,HYLA,YLPQ,WSTE,WSTW,DYNS,SQDR,PTFY,SQDV,SEPA,SEPE,SEPG,FHAY,SQDA,DDHL,FHAS,SQDK,DDHI,PDMV,AAHN,AAHF,AAHE,VTRK,AAHQ,ISNT,ISNY,IIIY,DENY,QWEY,DNRT,IIIT,GATR,IIIV,DENN,DENM,DENL,DNRC,QWEA,DEND,KPVD,PKKK,PKKH,MESI,NWTP,QFAK,VGTR,GKFI,CVFN,QACS,QACW,QACA,DVDE,LVYK,LVYC,QHHY,NIVD,FDDV,IVVV,SHIN,QVAN,QVAI,SHIE,NNIQ,FDDE,SKMD,LDQH,CRSE,CLND,CLNK,CFGY,YGFF,YGFE,YGFK,CFGN,CFGM,CFGA,MSDH,KNML,CTAK,RCVQ,CTAI,CTAT,HRAA,RCVF,HRAF,HISK,HISQ,HISR,EKQY,EKQA,PFAN,EKQD,MIVQ,MIVS,MIVT,MFVT,MIVD,QRMW,MIVH,MIVI,SLWF,AFTN,MFVD,SQYA,SQYN,YPTV,WVDA,WVDI,HSES,HSET,WVDM,RNYG,RDII,HPST,LKYQ,IIRH,IDVD,FRPR,SVAH,IDVK,IIRG,IDVT,FRPM,FRPI,FEVD,MRPT,RSWG,HPSW,MNVA,CPTC,RFTM,GREW,VMDY,VMDK,FSVN,FSVC,VMDF,TICA,HAIP,FCID,HAIQ,FCIR,FCIP,DVPA,NIMV,GCGK,VDWE,TICI,NQHF,NQHE,GTWS,LRCK,TTME,NQHV,LMAQ,QGTW,QGTP,QGTQ,CPKM,RGAH,SCTH,SCTI,SCTN,NNEP,NNEL,TNVA,TNVI,TNVV,QGTF,LNAV,QEEP,GGHY,QQYQ,QQYS,QQYV,QEEC,GGHI,QQYG,GGHA,GRVM,YVLW,YVLG,VSDN,IPYN,EKNE,EKNM,YMYL,CCFN,KATY,TQNP,SIKS,WHLA,KRKP,WIED,WIEA,WIEK,WIEI,KRKD,WIEP,KVDY,TAYN,TAYM,TAYK,ASCQ,HLQI,HLQS,DFFN,QNTT,TAYV,TAYT,TAYS,TAYP,YLEF,YLEC,YLEM,YLEH,CMPP,PNVD,PNVN,PNVR,CMPD,PNVV,RDLN,KGYC,HCIE,HCIF,KGYH,RDLD,TKWL,ACIS,ACIR,ACIQ,HDIS,HDIV,KFER,HDIT,CEKE,HDIY,REFR,KFED,INNA,PEWK,PEWE,REFC,HDIH,KLQY,PQCQ,PQCY,QLMT,DQLW,HTNV,DQLG,QLMC,DQLM,QLMM,NAFK,VKIW,VKIY,DKKC,VKIC,IGHQ,IGHR,IGHY,IGHA,RRNE,NKYL,NKYG,GMAG,GMAD,DKEC,EQEY,EQET,EQEW,EQEH,EQEG,NHYQ,VHIG,VHII,VHIH,VHIS,GYCS,GLEP,VTEF,YACF,YACL,NFPA,CVTN,HCED,EGLW,YSAW,YSAT,VEPI,MLSF,MLSD,TVNT,TVNV,TLFM,TVNG,TFQR,TFQV,TFQK,TFQD,FFPH,FFPQ,FFPR,FFPS,FFPW,WENK,WENE,QFSR,HDVH,HDVN,SRTY,HDVS,GDPT,HDVY,IAHD,KVAF,KKCH,KVAW,FGNW,FGNR,RATP,FIFI,DQWI,FIFN,FGNK,GYQF,KMAT,MKSE,MKSI,MKSK,MKSN,MKSS,HQDM,MKST,AIIW,HNDK,WTKI,KYAW,WTKE,KYAK,DFCS,DFCR,NDLR,SGKD,SGKN,PVEA,PVEC,PVEK,PVEQ,PVEW,NTQG,IFQR,IMGN,AGWR,SMTP,IFQY,NTQV,NTQQ,IFQL,IFQM,SMTA,IFQH,VQYD,DTAY,DTAT,DTAP,DTAN,NEFG,NEFA,IHIV,NEFV,NEFQ,NRGI,NRGH,LTHG,NRGN,NRGT,NRGV,VVYI,GPDA,SWFF,GPDM,GPDH,GPDQ,VVYV,VVYT,EPTY,EPTW,EPTQ,EPTM,EPTL,TKVN,GEIM,QTNP,GEIC,QTNN,VFLM,VYAV,VLCK,VLCF,EVFM,DKVP,PRST,HMQG,YNDL,YNDS,CAKE,CHQK,CAKG,YEEE,YEED,TMSV,HGRN,APYN,HGRF,HGRY,HTHD,HKTK,HKTM,HTHP,HKTT,DHFF,PLSW,RLPT,RLPM,RLPI,RLPD,TWEK,TWEN,TWEG,TWEP,YDYF,YDYG,AYEE,MQGL,RFER,RFEP,AYET,MQGY,AYEP,MQGQ,MQGP,RFEG,MNEA,RGIK,KDDG,KDDN,KDDV,TTTY,CKQF,CKQS,CKQR,CKQW,CKQY,KSDQ,KSDT,KSDY,KSDC,KSDK,KSDH,KSDN,KMRF,KMRG,PIQA,IAYE,IAYD,RTFI,FDGA,KMRM,KMRK,KMRR,FDGR,DWTA,HNKQ,IQVV,IQVQ,IQVM,IQVN,PIQS,PFIY,GHRA,GHRF,GCFG,KWLV,SKHE,VSEM,DIDH,DWGV,DWGT,KFYD,QRGI,QRGK,QRGC,QRGD,QRGQ,QRGV,LQYT,NYDP,DHTA,NYDY,LQYE,DCYF,NLDG,VCRQ,INRR,KFYV,LKGY,LKGQ,ESNF,LKGW,TNGV,ESNS,ESNV,THQA,LFEH,THQI,THQR,THQQ,THQV,TTSC,TTSM,TTSI,TTSW,TTSY,TDRK,RLMI,TCFG,TDRP,RLMV,RLMQ,MHDR,KETT,ERHF,MEDR,MEDP,MEDV,TIMK,MEDY,WQVE,WKDA,WKDY,QLQD,WKDP,TETY,PYRY,FMSD,AREM,HHNP,TETK,FMST,ARDA,CEAI,CPGD,CEAN,CPGG,CPGH,CPGI,ARDI,CPGT,FPDG,FPDI,FPDS,AQMT,FKYV,AQMR,KHFY,KWFY,AQMI,CSTA,KIAW,FQNQ,AAPD,SRCF,AAPC,FQNY,AAPK,AAPW,FQNC,AAPR,FQNN,PSDC,PSDH,PTPR,PSDM,PSDT,PSDY,SDFH,YIRE,NVRG,QYIK,NVRH,MHLN,DPTE,DPTG,QYSH,FHYN,FHYQ,DPTR,GFRY,NLWP,MHLS,GQGE,GQGG,GQGF,GQGM,GQGL,ICGP,DEFA,DEFD,DEFN,NGAH,LWER,LWEY,LWEL,QAKS,QAKV,ERSD,ERSF,EFGA,QAKF,QAKD,YVRD,EFGN,YYPT,QVYA,YTPK,YTPN,YYPE,YYPN,MAFQ,MAFR,MAFV,MAFN,MAFD,MAFE,TYSR,TYST,TYSY,TYSA,TYSE,TYSI,TYSN,LDYP,YIGM,CLFR,CLFQ,YIGR,CLFH,CLFG,YIGY,YGNY,IRDD,KHEY,YGNK,KIHG,YGNF,YGNE,CTIT,CTIR,YFHY,KTHY,QIPP,CYGG,CYGI,CYGL,HHFF,WQSY,HHFL,WSAL,WSAF,PAIH,WLGA,WLGE,WSAT,WLGK,IETD,FHVK,SQQQ,SQQN,FTFN,SQQG,DDAD,CIRR,RIGH,RNQK,KFVK,RIGY,RIGT,IDNY,SVYH,IDNA,HSME,AYLN,RTHD,HSMN,RTHS,PKVP,PKVT,TRGD,NCST,NCSP,DSPM,PKVH,NCSF,PKVM,PKVN,IYAQ,IYAR,NIEG,NIEH,NIEM,NIEN,NIER,VGGE,MWVL,IYAN,NPRH,DNGF,DEYF,DNGA,DEYE,VWRH,DEYL,DEYS,DEYP,VQND,DLKM,TSCD,DAHI,DAHL,DAHY,DAHP,DAHS,VQNN,SKRM,DKYP,DKYS,GNQD,GNQL,GRMA,GNQK,GNQV,GNQP,SIIY,MTYD,QEMH,QEMM,QEMA,NSQF,MTYQ,FQAE,FKAV,DQYV,VRFD,VRFE,FKAK,PICA,VRFV,SNFK,CTTL,HFSY,MSYE,EAYK,ETKP,TPHC,TPHF,HRRP,HRRS,TPHY,MQIF,EKFM,ETNN,YMAD,HDSQ,YLMD,WGFI,YLMY,YLMR,CGEL,TQVV,TQVP,WVSP,MLVF,WVST,CGEA,TQVA,WVSE,HLIY,AVRD,MAEC,CGED,HLIN,HLIC,MYTP,TAAC,TAAK,HNVQ,WFLN,PNNP,WFLY,PNND,WFLV,KRCH,KGAW,FVYL,KGAQ,KGAN,HVSN,HVSK,RSTS,RSTG,HVSY,HVSS,HVSR,HVSQ,ACQT,PHPI,PHPD,PHPE,PHPF,ACQF,PHPT,GYGM,KLYR,TSHE,KLYH,KLYI,KLYG,KLYC,FEHG,PQKV,INFC,KAWQ,KAWR,PQKH,FLTW,FCTK,INFQ,PRKA,PRKF,PRKH,SYNV,GVNR,PRKY,NMKQ,PIVK,QLEW,QLEP,FSAN,FSAW,SCIV,QFPA,GKWI,SCIA,ITPM,DLWA,DLWG,DLWL,DLWS,DKMT,DKMQ,HDSY,CSFV,VTCE,VKAD,VKAY,VKAQ,MSLT,GMYT,GMYH,GYKM,GYKR,YAGS,LNRD,FHAK,LNRW,GGFN,MDVL,EGDG,SEPY,SEPP,EYFF,SEPR,QAHK,YSYV,YSYK,HCTI,MVEE,TLNW,MVEL,MVEV,MVET,YTSM,MVEP,NTCV,TLNF,TVFD,TVFY,YAVR,FFHQ,FFHS,KVIM,KVIR,FFHN,KVIW,FFHD,KLDT,ERWL,YYQK,PAFT,KYYR,FINT,FINI,FINM,FINE,NMVL,PIID,PIIM,EYTH,PIIY,NMVQ,NMVS,ATCV,WEVQ,HNLN,HNLH,HNLD,HNLC,HNLA,HNLV,FVCR,NDDK,PVMI,NKDC,NKDD,NKDI,NDDR,SGCR,NKDN,NTIQ,IFYN,SMLP,STHL,SYHT,VQQW,VQQS,VQQN,VQQH,SYHD,IFYW,STHR,SMLH,IFYS,VVQF,VVQM,VVQR,DTYQ,DGKR,QYGR,EQVM,QIHF,QIHE,DGKN,DGKM,DTYL,PCVS,ILWA,FHQK,ILWE,ENCA,VYIC,YATK,ENCV,ENCQ,YATL,EGYP,YATE,EDHY,EPLP,EDHS,EPLG,IIIL,DNRN,QWEH,QWEG,VFDH,VFDE,LCHS,YIDV,YHYA,STKN,SYEY,GSLW,KKTY,APQT,APQN,APQH,KKTM,RFMP,HAPQ,HAPP,ANKG,HTPS,ANKN,ANKQ,HAPF,ANKV,HAPL,HKLA,HTPC,HTPD,HKLF,DQRN,DQRL,CACA,YDQT,WTVL,HQWI,KPFQ,WRNI,DQRY,YDQD,KPFA,WTVV,KPFD,DFTK,PCRF,SSHA,KYFS,SSHV,CKYY,AGDY,AGDR,AGDM,AGDI,AGDK,AGDC,WNHP,RASN,IRPW,IRPV,WNHI,IRPY,IAQR,IAQH,CQLN,PFQV,PFQQ,PFQM,PFQN,PFQH,PFQK,PFQG,PRKT,QACT,GEVW,NETT,QGSM,QGSN,VSMS,VSMQ,QGSQ,VSMG,VSMD,GEVM,QNDR,DYGM,AIMF,DYGW,QDRA,LEEW,QDRK,QDRQ,QDRS,QDRT,HPNS,FLHC,AQSV,YPRY,QHHK,SGTD,MRRM,MRRL,THIK,QKTA,QKTC,THIN,QKTH,QKTK,QKTN,TRSK,RFRD,TIEM,HAKN,TRSC,MAGY,RFRS,TTKN,MNPP,HAKR,HAKS,TTKG,TRST,CQLP,DRPS,YDLD,CQGA,YDLN,MELP,YDLW,YDLQ,CQGS,MELF,MELG,RGTQ,MDFA,TSSW,MDFE,RGTA,CEIV,ARMV,ARMW,ARMT,ARML,NKGH,MYQV,WAAD,FGRQ,NDAL,WAAY,RAHV,KMGI,KMGE,FPLN,PVNE,SQKR,RMAI,FHHF,SRKF,VSPM,VSPH,FQFE,RYRG,VSPV,VSPP,FKQH,FKQE,FKQY,FAMM,FKQP,EPFS,PAQH,VIFQ,MMDF,VIFC,VIFI,GVGW,NYSS,NYST,NYSI,QYKN,NYSC,NLQM,PTVH,NLQI,NLQH,PTVL,PTVC,DCLL,PTVF,DCLV,DCLT,DCLS,NLQT,PTVP,NLQQ,NLQP,LVIY,LVIW,LVIC,LAWS,RIFC,ESSW,RIFM,ESSC,KEQP,GADN,QKID,GADK,QKIM,RIFH,CISC,QKIY,NGIQ,IMGP,VNHE,VNHT,VNHV,FFKI,YTHY,YQYP,RTSR,EYIN,QVQS,YTHT,EYIT,QVQI,TSNN,YGVT,TSNA,YGVF,YRRS,YRRQ,YRRP,MANP,ARPK,ARPE,ARPF,SPYT,KTSP,HEEG,HEED,HEEK,MANN,QIMM,RKWR,SNIM,PVAM,KCDE,YQPV,YQPL,YQPK,YQPH,YQPG,YQPA,YFPA,YFPC,DFGT,AHFT,AHFV,YFPK,AHFG,KHQA,AHAQ,DTFV,TEGR,TEGW,DGFK,YHGN,YHGF,YHGD,YHGA,YHGY,RHGH,AAEC,HYHF,HYHH,KQET,KQEM,RWRR,RCFG,RTID,RFLM,ISSM,QWLW,RYPQ,IELC,EEGC,IELH,SLGC,IELT,FTNF,RYPD,FTNH,RYPI,RTPG,RTPC,DSHP,RTPW,RTPT,SEPW,LVRC,DSSC,AYWK,LVRT,IYIN,IYIC,IYIE,STDP,IYIR,HARH,IPRY,SVQV,ICRA,IPRP,DEQT,IPRR,DEQN,DEQM,IPRE,DEQC,DEQA,DEQF,SPMF,AICL,DVPS,DVPN,DVPM,DAPD,DAPH,DAPK,DAPN,HARD,EFRY,PTME,GNYQ,GNYG,VMTN,VMTE,VMTC,QVLC,QVLY,QVLP,MTQT,MTQP,MTQM,MTQN,MTQF,SLFM,TNFS,TYFV,TNFY,TYFQ,TYFP,TYFF,TYFE,CTAL,HRAR,LRSD,LYEH,SAYG,EPSH,EEPI,VRNR,ELDN,ELDM,RCVL,VRNH,VRNG,EEPP,YQMK,WEAF,YQMQ,CYTI,MGEI,SLNF,CYTE,MSQS,MSQQ,TPPK,TPPN,TPPF,WEAK,SQRM,WLRY,WLRS,VWQL,WLRQ,WLRP,WGNM,DNDF,WLRE,WGNA,MFIH,MKND,MADT,MFIC,MFIG,MPPS,MPPR,DNDL,WRTS,MYLF,MYLG,MYLA,TAIQ,TAIN,RNNG,MYLT,MYLR,RNNA,TAIC,CSQM,PNFP,PNFS,AEGH,PNFL,PNFN,AEGD,FTSF,FTSC,FTSR,KGIC,KGIN,PEGN,FLLC,PQSS,FLLH,PQSD,PQSA,NPGP,NPGK,NPGG,FREN,FREP,WHQS,ASNH,FEPE,SCAK,QFHE,SCAA,PRSQ,FYRS,SCAY,FYRE,ACYL,GRPM,TNDS,GRPA,GRPF,GRPE,GRPD,GRPY,GRPR,ACYS,SIVH,KDVI,GLKR,QQRY,GMQL,NAHN,GGEH,GHKT,QQRF,LMTL,LDHK,VTKQ,VTKM,TNDK,LMTV,VRSH,VRSY,MAQR,ETVY,ETVD,YMRR,YMRY,QPPN,QPPK,YVGS,QPPE,YVGD,YVGE,YVGF,YVGG,YVGL,QPPT,YVGH,HSEI,VDEM,GWHF,YKDI,YLPH,YLPF,YKDP,YKDR,YLPW,YKDV,CCSN,MKEI,KKPP,HSER,EFYR,HSEV,MKER,CSRQ,CDRQ,MVMP,CSRA,CSRD,EYDC,RSGW,KGRH,HVLY,RSGN,HVLE,KGRP,HVLC,KGRR,YDTF,RDYS,HVLH,FYKR,KVQY,MQHQ,KVQQ,KVQS,KVQV,KVQI,MQHT,KVQE,LCDL,YSQG,YSQD,KPAH,YSQQ,YSQP,INYV,KFPI,KADK,KFPN,KFPL,REMT,KADG,REMI,KLLW,CGPY,INYL,HNTD,HNTA,HNTL,RVQY,HNTV,RVQA,KYQK,DQGY,DQGD,PIAK,SDKF,SDKH,PIAA,CYVT,EAWV,IGEW,ATKF,ITGW,IGEF,IGEN,IGEM,ITGF,STPA,SMDN,SMDI,SMDF,SMDG,DLDE,DKPD,DKPS,IFAY,MGGH,FDQF,NTAY,IVYC,NTAD,NTAH,VVIY,GPTV,GLHK,VVIQ,VVIH,VVIN,GPTL,EQNY,EQNC,EQNF,NKLD,NKLY,VHRA,VHRF,VHRQ,VHRV,ENKT,EGQS,IDVH,ENKM,ENKI,EGQI,EGQH,ENKF,ENKC,YALR,YALM,NEVT,DTQL,DTQK,NHRP,NHRQ,DTQE,DGSY,DTQA,DGSK,DGSH,DTQS,QTGD,DRHF,EMKK,EMKS,EMKV,MVPI,EPDG,EPDA,EDPG,EDPF,EDPC,MVPT,EPDP,APIR,APIE,APIM,APIN,APIH,GSQH,TGHA,TGHV,MLFQ,MLFP,MLFR,MLFW,EVVC,ECRA,AMPS,ECRK,ECRS,KPNS,KPNQ,HKKQ,ANSN,KPNK,ANSA,KPNH,AWIE,ANSG,SDVD,HKDV,FGYQ,SDVH,FGYD,RACA,HKDK,RACL,HKDN,SDVY,HKDL,WECH,GWVA,YNTI,MKHA,AIRG,WRVT,AIRM,WRVR,FIPR,WNPT,HKKE,WNPF,IHEP,KDTT,AMSK,FNEQ,FNEP,KDTY,AMSA,IHEA,KDTA,IHEH,FNEN,AMST,IHEN,WDKR,WDKL,WDKI,WDKE,PLCF,IRHV,IRHS,PLCQ,IRHI,PLCV,PLCY,SWKG,HRHG,IQFG,SWKK,IQFA,IQFP,SWKY,IQFS,GIDC,NTQA,NRLC,PFYG,NRLP,NGYL,NRLT,GSWK,GIDF,VYTG,VEHG,VEHF,VEHM,GREE,PPPV,PPPG,VMDE,LPMV,LPMS,QNLK,LLWN,LEMF,LLWY,DITQ,DITP,QGKH,QTEY,DITD,QTEF,QTEA,QTEM,QNNP,CAGF,THAS,LKWA,HGYD,LKWG,HGYF,THAD,THAM,YEAY,EKGQ,EVIN,EVIM,CNVP,YENN,YEND,AYND,CVEN,KPQA,AYNL,KPQL,KPQS,METG,METK,CVEW,KSAD,HTEG,HTED,TTCQ,HTEQ,TTCK,CAPT,EIMM,CAPI,CAPA,YDDE,ADHS,ADHT,CEQT,FNRN,KSQC,ADHF,KSQM,IHHM,CEQD,RRDQ,RRDA,WAYT,WAYF,DTDA,FPTR,FPTP,FPTQ,FPTV,FTQK,FPTY,FPTC,FPTF,FPTK,FPTH,FTQF,RMID,RMIS,VEWD,IKNV,RYIQ,FGKM,SRSP,SRSQ,SKEM,FAEP,PLWV,FAEV,FAEC,FAEH,FAEN,NLYD,NLYA,VCES,NLYC,NLYN,NLYI,NLYT,NLYQ,NLYP,VCEN,NWLG,CQVS,SEHP,SEHR,SEHY,DCDQ,DCDL,NYKK,DPDH,NGQF,NGQD,LFWV,NGQT,NGQS,NGQQ,AYIK,FERH,VINF,VPFF,VPFI,QKAY,QKAT,QKAQ,QKAN,TRLW,TRLT,KENN,RFAF,ANGV,EIVM,IVRW,EIVC,VNPK,VNPA,VNPF,HADR,EYQQ,SHML,ERCH,EYQC,CLVH,CLVC,CLVY,GIQR,CLVT,CLVQ,TSFQ,TSFP,WKIV,WKIR,TDGN,TDGQ,TDGP,QRQQ,HRSR,ICIH,FRGC,IEDM,AAMD,AAMV,KGFQ,HYPF,HYPA,KHIT,HFEQ,AHND,HFEK,KHIF,FKLG,AQFC,HFEA,FKLH,HFEG,HIKL,PSKF,PSKK,PSKV,HIKQ,HIKR,PKFC,ISKY,ISKW,ISKM,ISKC,KQMQ,IEDR,LQTG,KQMI,SQAM,PTKV,PTKY,SQAR,PTKN,CVKE,QFFK,QFFI,QHGV,QHGT,DEIS,DEIP,GAYH,GAYN,GAYM,GAYA,GAYF,NLIH,GGHV,DEIK,DEIN,QVDE,QVDG,QVDI,QVDS,QVDR,LHTV,WLYD,FYTF,NSII,IYQA,GQLE,SSTM,IHQD,GQLP,VGWV,PRQD,QADS,GNAW,AFFM,QADA,GNAM,EEHT,WLYY,DHND,MTIS,LIRV,MTIG,MTIN,MTIH,MTII,DHNI,QSDN,EAAW,EKVM,QSDD,EKVQ,TSIR,WMTG,QTPY,MSII,YFCP,YFCS,TNNG,QNPR,TNNV,QSDT,RHPP,RHPK,RHPA,RHPE,CIGQ,CIGR,CIGY,RIRF,RIRY,RNFY,CIGI,CIGK,RIRV,WGVS,WGVD,WGVC,FWLT,QNPE,ESKH,SFSC,PDGF,PWAF,MFQP,MISL,RYGR,MISC,KQRM,IEYY,MISW,IEYT,AFWQ,MFQL,IEYR,EKNS,RTEF,FCDD,FCDF,FEKY,SVDN,SVDE,IPAM,IPAW,LFNC,GKGY,GKGI,GKGM,SCYA,DACI,DACC,GDEK,DACF,DACG,SCYS,DACS,DACT,SHFA,VMKT,IWAH,IWAG,VMKG,VMKE,GHVE,QEFH,NAPV,NAPT,QEFN,GGMY,GGME,VDPF,VDPG,VDPR,MIKH,VTSW,LMLE,NQGA,LMLH,LMLM,VTSY,NQGI,VTSG,GTRF,NQGT,GTRD,VTSC,LMLY,GTRN,TQNG,SKLW,INNE,ALDY,LGRY,LSFC,LGRH,YKLD,YKLM,YKLQ,MMEV,MYYD,MPGI,MMEY,HLVW,MPGL,MPGM,MPGP,MMEF,HLVM,HLVC,MPGY,HLVF,HLVG,HVDM,HVDK,RDAF,HVDD,HVDY,HVDP,HVDQ,PNSR,PNSE,PNSC,CQDD,PAVY,TQAM,TQAH,MEAT,MCSS,KRVD,MCSV,HCDK,MEAY,MCSM,ALKM,MCSF,REEP,HDNK,KALC,INQK,INQI,INQG,RPGV,FEGM,RPGK,FEGS,KALW,INQV,HDNS,FLYW,FEGY,RPGG,HDNT,KVYS,KVYT,KVYY,CQDR,KVYG,KVYN,AEPA,AEPF,AEPG,AEPK,AEPN,AEPP,AEPQ,SCFE,KLTY,KLTT,KLTF,IGMK,IGMG,FVSI,ATSW,FVSC,IGMS,PRDA,FYAC,RVYD,FYAH,FYAI,FYAW,FYAP,FYAQ,RVYY,RVYQ,ACFS,ACFF,YVEQ,GMNP,IFIR,IFIP,QPRE,VQAN,QQGC,GGVC,QQGM,QQGR,YVEF,VQAP,QLPC,QLPG,QLPH,NMFP,PIYF,PIYD,QLPT,PIYI,VKTH,VKTN,FPVH,VKTE,VKTW,VVAR,VVAW,DMRQ,DMRP,EHYS,VVAF,DMRM,DMRK,LTWS,NDTP,NDTK,NDTE,NDTA,NKTA,NKTE,NKTP,NKTY,VFTN,VFTQ,VFTR,ENST,ENSC,VPAW,EQFE,EQFH,LNHA,TVSM,TVSW,QMVE,TFRP,TFRT,YDVY,EMSS,TFRY,EMSQ,EMSP,EMSW,EMSV,EMSK,TFRI,EMSE,PIMT,YADK,YADN,YADD,YADY,CSGE,YADQ,CDEN,CDEM,CDER,CDEP,TMKK,APAE,KKDY,KKDT,YSNR,KADY,YSNA,MLNQ,MLNP,HNAM,HQGQ,HNAK,FVHD,HQGA,HNAT,KYNV,AWAR,PRHI,FIEV,FIEI,FIEM,KYNA,WEKE,WEKD,WEKG,WEKL,MKPT,MKPI,MKPG,STCI,IFTH,IFTF,AGTY,RAKI,RAKF,YGPE,RAKY,FGQV,FGQS,PLKY,WDSV,WDSS,WDSD,NTRN,NTRK,PLKA,WDSM,GPGY,NRDF,GPGS,GPGI,GPGK,GPGD,NDIM,FNML,NDID,NDIF,PVFN,SNHT,NDIV,SGTR,NDIP,LNSC,LCGV,VLLH,DTNP,NEEP,NEEQ,DHRP,DTNF,NEEH,NEEK,NEEC,NHGG,NHGA,NHGN,NHGM,AMSN,LQAM,INNR,KFES,PEWV,REFW,PGFT,QTMM,GEFE,YEFM,YEFR,TGWV,HGQI,EVAQ,ECGG,ECGA,YWLL,YWLN,WREA,WREL,WREH,KPYT,WRES,KPYE,ANFF,HKSY,KMAL,ANFI,HTMP,ANFV,ANFR,ANFP,ANFY,YNGR,YNGM,YNGK,CHLK,CHLL,CHLA,CHLG,CAHA,CHLS,LKYA,DKLY,AMLV,AMLQ,IHPV,CEYY,KDGQ,MDVV,AMLF,CEYF,IHPI,KSYS,KDGG,KSYT,ARHT,CKRY,CKRS,RSRW,CKRA,TQGC,PCYA,RGDG,RGDK,RGDN,RGDP,PGHC,DYRG,DYRF,DYRI,DYRS,PGHP,FAHP,TQGY,RDGQ,RSEP,NLAQ,NLAN,QDIT,TKLQ,VTQN,RDGC,FQVP,DIGP,DIGQ,DIGR,GCCS,DIGD,DIGE,FQVF,NFKT,QKYV,QKYS,NGYY,ESCH,NGYT,NGYR,NGYS,QKYY,THVA,QKYI,LFFF,LFFC,LFFH,HPGY,GVWN,VIVH,VPNF,VPNG,ERKP,EYYT,ERKR,CQLM,CQLA,CQLC,EYYY,ERKA,MHKD,ERKC,MHKA,CQLR,MHKK,CQLV,TIPM,TRDK,TRDG,TTPN,TRDT,TRDR,QCIE,YYKE,RFTY,KMDI,CVEI,GYTN,CEFA,CEFN,MDMV,RLND,TCEF,TCEG,RLNP,TCEY,RLNS,DYFE,KIMS,KIMR,TEPV,KTCG,RMRK,KTCI,FMVA,RQHG,RMTS,RMTR,RMTQ,HHKN,RQHL,DDER,DPQN,NVWK,DQIQ,HSGY,AQNM,PSCY,AHVF,FAPT,FKDE,FAPQ,AHVR,PSCN,FKDS,FAPD,PAED,PAEM,PAER,PAES,CGVA,PKNQ,FHRL,PKNT,CDIS,PKNH,PKNM,FHRN,PKNG,KAFC,SKVN,FLTD,WSYA,FQMT,QYTS,QYTP,QYTT,QYTH,CYHQ,GFQF,NGDM,DEAK,DEAN,NGDE,NGDF,GAQS,DEAY,RAVM,NGDP,NGDS,ISCT,ISCP,ISCA,TVGQ,GNII,ERVP,IYYQ,IYYR,IYYF,VNEE,VNES,DQEY,CLIY,CLIF,CLID,CLIE,CLIK,EGEH,YREK,YREF,YREA,IFNC,DQEA,YGCF,YREQ,RHHS,WMLQ,WMLK,HEPQ,HEPS,MTAH,HEPW,MTAK,MTAF,MACC,MTAY,HHPE,LDVC,HHPL,TYVE,RQWI,TYVC,HHPS,TYVQ,TYVP,YFKA,YFKE,CYDP,CYDR,CTLF,MSAG,KNHR,MSAI,CRKE,CTLI,WWKP,HFVD,HIVL,RCQE,HFVN,HFVP,HFVR,HIVV,RTMD,RTML,PWIQ,SFKV,SFKT,SFKR,HSHS,IEQP,HSHG,IEQY,FTCI,SPPD,SPPK,IKAT,RETM,SMFN,QHRL,QHRK,QHRG,QHRV,TINS,WFTG,DLFY,RPTL,WFTL,IFNP,ICGG,IPIS,GMHP,SIFC,SIFH,SIFP,SIFQ,YRTE,SCQH,SCQK,NPWV,ELKM,ELKP,ELKY,WKKT,WKKR,WKKQ,DGFN,DAKN,DAKY,LMDY,LRDW,LYPG,LRDN,LYPM,LMDF,LSNM,LSNN,LSNY,EKKN,QEND,QENE,TNSG,LIEW,TNSQ,LIEY,TNSV,MYQE,TADQ,HLNA,HLNF,HLND,HLNK,HLNI,HLNN,YKTR,YKTH,YKTK,YKTC,YKTD,YKTG,ETFH,TPML,ETFY,HCLQ,KRND,ALCH,PDTV,PDTM,KRNS,KRNR,RDIM,PDTA,RDIG,ALCQ,RSWL,TKRC,TKRD,RSWK,RSWE,RSWF,LNPY,MILP,MILY,MILD,TQIE,TQIY,TQIT,ASCY,WHLI,ASCN,ASCK,ASCE,PQFK,FLQG,PERE,PERD,ININ,PERQ,FLQP,PQFS,PNKV,PNKQ,NHLA,PNKF,AMHC,GLNQ,GKPD,QFSI,ITWF,QFSP,QFST,QFSV,AYEH,MLEQ,FFIK,AYEK,ACNE,FFIH,ACNT,ACNS,VKLC,VKLH,VKLM,VKLN,VKLQ,VKLP,VKLW,DLTN,DLTC,DLTD,GMFS,GMFQ,QLHR,QLHG,QLHF,QLHD,PIQK,NQRI,NQRE,NQRF,NQRY,NMNL,PIQP,ENKP,NDRN,EHAD,EHAE,EHAF,CPYP,LGAW,TEYK,YVRN,YVRF,QPGA,GYHS,QPGY,YVRR,QPGT,QIPY,MMVV,QIPN,QIPH,QIPG,TLKP,TLKY,HCSS,HCSP,TVKH,RDRQ,RDRR,RDRV,CDMI,CGEI,CRGG,CGEM,HDST,KLGC,CRGN,MLVN,HPGI,HDSE,HPGL,CRGQ,REPG,CGEP,CGET,REPA,YSFK,YSFV,YSFR,YSFP,IGRV,IGRW,ATFK,ATFF,IGRD,ATFQ,RVFT,RVFH,FFMR,FFMK,FFMI,WESY,WESN,WESF,SYEH,SYEM,IKTA,IKTC,IKTD,SYEF,SMQL,SMQQ,STKT,SMQT,SYET,SDFQ,KYFF,KYFG,KYFE,DQRG,SDFY,SDFG,FIMA,SDFE,SDFD,KYFY,KYFT,DQRT,RASG,FGIN,FGIM,RASQ,FGIY,KCII,VAIH,LACY,SNPT,DRPK,DRPA,DRPF,DRPE,NDAE,NKGI,NDAG,NKGA,NDAH,NKGY,PVNG,NKGR,FRAS,VFIK,VFII,EAPS,AHLT,VFIY,VFIR,VFIQ,NSRN,NSRH,NSRG,GSGR,NSRD,NSRA,VYDT,NSRY,VYDA,VYDE,EQST,MATQ,EQSN,EQSK,EQSE,QIMI,DTFK,QIMK,SARM,DTFE,SARY,DGFD,DTFT,TLPR,HDVF,TFGV,TFGS,TFGQ,TFGP,TFGN,TFGM,TFGH,TFGF,TFGE,NGEH,YAYP,VLDH,VLDQ,EDGW,EDGT,EWED,EPSF,EWEI,GENP,GENQ,EWES,EWER,GENM,GENH,EPSY,EPSQ,TMVM,TMVS,TMVQ,KKYY,HGIR,HGIS,HGIK,KKYL,EMDD,EMDP,QHLV,EVYF,EVYH,EVYI,EVYN,EVYM,YGKI,MKEC,HQRK,MKEY,KPAS,KPAQ,YDTE,ANNF,ANNE,YDTP,GFFH,IRSQ,IRSH,WNGR,HASM,FIPD,HKKV,FIPK,FIPT,HAST,HKKK,HASW,HASP,HKKM,FIFT,PMFT,PMFR,PFRR,PFRS,NKKQ,PMFF,PFRG,RATN,PMFK,PFRI,EWRL,IQSD,IQSV,DFYQ,DFYP,IHHR,FNRY,FNRF,RGLM,KSAW,FNRA,RGLA,DFYH,SSMG,AMDS,KQKD,PGPT,QNGE,QNGI,VEGY,MFER,RCIL,IARP,PTIK,FDHY,GIQC,GIQG,GIQF,FDHK,FDHH,FDHL,ETIW,FDHA,FDHF,PPEK,DHGF,DHGA,PPEA,PPED,DHGP,PPEQ,DHGY,QDQP,QDQS,QDQT,QDQL,QDQF,LQTC,VWAK,LQTT,KTDE,NLIM,GCKY,GCKE,GESM,QSDI,QSDK,QGPE,VSHR,QTPG,GESC,QSDG,QSDY,QGPR,GESY,VSHM,GESW,QTPW,QTPT,YPQG,ERWR,ESKP,ESKT,ESKW,YPQT,YPQV,ESKM,YPQS,QKQM,QKQK,QKQH,QKQG,QKQD,QKQC,LFNN,LFNI,QKQY,LFNG,RVAN,YCEG,YCEE,MEAR,CQDE,CVPN,CVPS,CQDQ,MNSN,CQDS,MNSE,MEAK,KYAG,EIFR,EIFT,EIFW,DMAQ,CKGG,CKGD,DFCQ,CKGH,CKGQ,ADGP,QDET,ADGH,TTHV,TIHD,HFNY,WQSC,WQSF,TTHD,AQSH,TTHA,TIHY,WQST,SGKW,RLFN,RLFH,RLFE,AHEG,SGKM,TSVQ,WPKP,WPKR,MDEK,TEKG,MDET,WPKN,TSVM,WPKD,AQSQ,KIER,KIEQ,ARHP,EVTH,ARHE,WCST,ARHN,DWQG,FAHQ,FAHG,VQEF,FPAR,SYTA,DEKV,IILN,FPAK,SHPS,CGDY,PAPY,DDEQ,FHRV,QYLY,PAMI,FHRI,GFIN,DDEH,IMGM,FTKS,QTFV,NLRV,NLRW,DEKL,SRFE,SRFI,SRFH,IFQF,HPIK,FQEM,FQEP,FQER,VSSW,FQEY,ESPH,ESPK,ESPN,ESPQ,ESPV,ESPW,NGLE,NGLM,NGLN,IREC,NGLP,NGLY,CQEN,VPSN,VIER,VPSP,VPST,VYHL,QVTY,QVTD,QVTF,KCQN,AWKE,NNSQ,HKFS,ANQK,RAMS,CLAI,CLAF,MGTW,RAMF,TDLI,TDLK,SDTQ,WEEH,MGTA,WEEN,YFLY,TSMA,YGKN,HKFV,YGKD,TSMS,KTVG,WEED,YGKT,MAKM,ARSC,EDKF,MAKE,ARSP,MAKY,MAKR,MAKP,RCIF,RCIN,RCIK,RCIV,RCIT,RCIR,RCIP,IPQP,NLTC,RNVT,RNVR,RNVP,RNVN,RNVK,YFSY,WYPN,YFSP,WYPA,YFSG,CYLS,CYLT,AHEA,AHED,CYLD,AHER,CYLN,SQVN,FTKM,SPHK,PAPK,FTKH,PAPF,HSPG,HSPC,FTKY,SPHD,HSPN,RYWV,SFCC,QAFC,HYKN,HYKI,HYKE,EFTS,IEIG,IEIC,IPQT,IDEM,IIGQ,SPHT,SPHQ,IIGY,IPQD,SPHN,IIGC,SPHE,IPQM,IDEP,RPLP,ISPW,ISPH,NCVT,GRHR,GRHP,QAQT,GNTM,GNTG,SINS,VVYF,SINM,SINH,SINE,GNTT,NDAD,VVYY,SWFS,GPDS,DVAK,FIYD,PKHP,ELCY,LRLH,ELCQ,STFN,ELCI,ELCL,FNGM,VRKP,VRKR,IEPR,AMQA,DASY,LHAI,LHAD,DASE,LHAT,AFPH,EKCK,EKCL,QEVW,LIMM,LIMA,QEVE,TYIS,TYIG,TYID,TYIA,TYIL,TYIK,QAQP,MYIL,MYIC,TALW,RIYK,HLFM,RNKE,RIYG,RIYY,HLFY,TALC,RNKR,ETNY,YQNL,MSVS,MSVP,ETNR,MSVV,GNTF,ETNH,MSVN,YQNQ,MSVM,MSVF,EARH,EARF,EARW,WVVI,TQQD,WVVM,TQQC,WVVD,WVVY,KRFH,TQQS,KRFN,WVVQ,WVVR,KRFG,PDLW,PDLQ,HTPR,YLHV,YLHA,YLHE,YLHD,MFDQ,MIDL,MIDM,MFDV,MFDA,NGIF,MIDS,FEWR,ASKW,FLIY,FLIS,WMRR,ASKH,WFCI,HFPR,RIKC,SISN,ACVC,ACVR,FSDM,QFKQ,QFKK,GKHG,QFKA,QFKG,PQNK,YQYA,CTFT,NPHS,NPHE,NPHN,NPHK,VTDW,GTEP,VTDQ,VKDP,LMWL,VKDT,GTEF,GTED,VTDE,GTEN,VKDE,VTDK,VRPH,VRPR,PRTP,FYQW,FYQS,FYQY,PRTA,DVNP,PRTG,PRTD,FYQL,PRTK,DVNY,PRTM,LGYW,LGYP,LGYF,LGYN,LGYI,DKHW,NAGP,NAGY,NAGF,NAGD,DKHG,DKHI,DKHN,QQWI,PWRT,IDRN,FRTQ,FRTW,MMNK,TAWL,TAWK,GLPP,EHIV,GYPS,HFPC,GYPL,GYPN,FRTC,FIRT,FRTF,SQLM,TVCR,HVIK,HVIE,HVIG,NRND,TKAY,AWGS,HVIV,YKAG,YKAF,YKAE,YKAA,YKAK,YLWT,DSTH,REHV,KAAN,VYVV,REHG,ASPP,RIPP,FITI,ATNA,ATNM,HNQS,HNQN,CIET,KVTQ,KVTE,MQLA,KVTI,FFEM,RKMI,RKMA,MQLT,IMPS,STSR,IFDM,IFDN,STSN,SMIC,RVNM,RVNF,RVND,RVNE,RVNY,RVNP,SDNL,PILW,FGAY,FGAQ,SDNT,PILM,FGAC,VAAM,NRTP,NRTQ,NRTR,NRTA,NRTE,NRTF,NRTK,DLAC,VQTD,SYML,VQTQ,SYMV,DRHT,NDYQ,SGDH,GRAQ,DRHI,NDYC,QIEF,QIEH,DGNP,VFAK,VFAV,CAKI,CHQG,DMEV,EHTF,ILRC,DMEG,VVNF,DMEA,ILRY,SWST,DMEI,NPVW,EQKC,CHQL,MVSC,MVSN,MVSH,EPKH,MVSW,VYLP,CWDR,VYLI,VYLH,ENFT,YAQI,YAQE,YPGT,YAQS,EVQH,CNNV,CNNF,EVQP,CRRR,HPTR,HPTV,YEVH,EMLY,ECLA,EMLV,EMLT,EMLC,DREQ,QHSR,HGAP,HGAS,APTE,APTD,APTH,APTN,KKQF,HGAH,CSIV,KKQR,HGAL,TGGM,WDFY,AGAW,IRKN,AYVK,AYVF,KPIA,AYVA,KPIE,ANVG,RRPS,KPIQ,RAFM,RAFE,AFYC,DIRT,NRIV,IQKH,GCTL,PMNQ,LYQT,KSII,KSIN,SGYH,SNGN,KDWC,DFQQ,SNGY,KDWR,DFQV,TYRF,DIRD,PPMN,PPMP,LPRM,NSMR,NSME,LCRI,LPRP,NSMI,GIYF,FDPF,AVMF,FDPH,LMEA,FDPN,DIGG,QSLW,QDYV,LQLR,QMGG,LQLK,QDYG,QMGK,LQLD,QDYK,YDYT,GSPV,EYPY,GHET,QGHR,GCSY,QGHI,QGHA,GCSM,GCSK,QRRS,QRRY,QRRG,QRRN,YPYF,QRRH,YEKH,YEKS,YEKQ,LEHN,AYEG,LEHR,MQGA,FCFN,CHGI,AYEN,EINT,CHGF,EIND,YDKR,CVHQ,MNEL,CVHT,YDKF,YDKG,FLFN,YDKL,RFEL,THFD,THFR,RFEA,CYPI,ICQD,RGIH,DNGL,MEIM,MNKQ,RFWV,HANG,MEID,TRTP,MNKD,MNKE,MNKA,HANP,TRTC,WQKA,WQKG,SRYN,WQKV,KDDR,NAYT,RMDI,PPIQ,RMDE,FKET,CEVS,KSRN,CPRG,CEVY,KSRF,CEVC,CPRY,CEVE,KSRQ,KSRS,QGMT,WKQF,WKQI,WKQK,FKTY,KWST,FKTT,FKTV,FKTI,FKTN,FKTC,KWSK,PSSK,PSSM,PGGI,PGGN,AKGP,KMLV,AKGT,AKGW,KRFT,AKGH,IAGH,FPIN,IVEM,PTSY,QDDE,DPYF,DPYE,SEMF,GFAC,QDDP,NYVR,PTSD,PTSF,NVGT,MYVR,NVGN,NVGD,NVGF,SRNH,SRNY,SRNQ,SRNP,SRNW,VIMD,VIME,VIMF,VIMK,CVGI,FDML,QKNS,NGTM,QKNC,NGTE,NGTD,MERR,QKNH,LQPQ,GYPQ,MERW,NLME,KAMH,YDFQ,GQTH,GQTF,HAAC,EYRV,EYRS,EYRY,EYRG,EYRL,EYRN,ERFK,GEHT,TDDF,TDDG,KCAN,TDDQ,TDDY,TCPY,YIHG,YIHD,KMRN,HIFR,YIHR,YTGK,TRIN,YTGN,TRIH,YTGL,TRIE,TRID,YTGA,YTGG,YTGD,YTGR,TRIT,YTGW,GHYG,RSFY,HRVD,CARY,RQGD,RQGH,IVWK,CLYE,CLYA,CLYN,TSEV,CLYH,TSEH,IRCK,CLYQ,GHYT,YGSK,CFRR,KTNF,KIRH,KTND,YGST,KTNA,KTNI,MPLT,AHMD,KHTA,HIFQ,AHMM,RCAN,HFFA,KHTP,DRQV,DRQQ,DDRP,DDRK,DDRL,DDRC,DDRA,SQNE,PTHL,SQNH,PTHR,SQNY,AANY,RFEV,AANF,WSRP,WSRR,HYSS,HYSY,WSRD,HYSE,WSRF,HYSG,HYSK,DETA,DNHD,VWEA,DETD,DETF,IPYT,DETP,DNHS,DNHP,KFHF,DSGH,NCNS,DSGC,NCNP,DSGR,DSGP,DSGW,ISHP,ISHR,TFRA,FLIC,ISHM,ISHN,QAYE,VMSP,VMSN,VMSI,VMSF,QAYP,QAYT,QAYV,NIPM,IYRQ,IYRT,LAMR,IYRI,LAMY,RRFT,LRTD,EEMT,SKHV,EEMN,EEMH,EEMG,NNRV,DTML,TYAL,LDKF,TYAD,TYAS,TYAP,PAMT,NQER,YRHF,NGAD,HAYS,YRHR,MATV,CFII,CFIK,MTTE,MTTD,CFIC,MTTM,TNCI,MATM,HRGN,HRGG,HRGA,HRGR,TDRA,NQED,MYAG,MYAM,AVEW,HAQA,YQFF,YQFG,YFFD,CTGQ,CTGS,MFLK,MFLA,TQYT,FTTY,FTTF,TQYI,MFLS,FTTK,WIRG,RTFF,WIRE,WVNI,RTFN,WVNN,WIRP,CIDH,RIQA,VRYI,RIQN,AEHK,ICLK,AEHM,ICLE,SVKY,SVKN,AEHS,ICLT,QFKM,PDDL,SFVF,PDDH,PDDK,PWDN,QFKD,NEQY,IWFG,IWFI,FLAW,FCGP,PQVQ,PQVT,FCGK,FLAM,FCGF,FCGG,YVEP,GTMI,GTMR,HAQV,DVFQ,QFCD,QFCG,DVFD,DVFF,DVFC,DAFD,DAFN,DAFW,RDSD,MQLP,FYYP,FYYQ,LGQH,LNGG,LGQF,LNGY,LGQW,GMVY,GMVR,GMVQ,GGNM,QECE,QECD,GGNK,QECT,GGNV,MMFE,MMFS,LGPN,VKDW,NYDS,TQDA,TQDC,KGWK,GTEM,KGWD,YKIL,YKIK,YKID,GWRE,CCLD,CCLN,YSVT,YSVN,YSVH,YSVF,YSVA,KLWT,WHGL,KAIT,WHGK,KAIN,KAIH,KLWN,HVAG,HVAM,TKIK,HVAK,NLDC,TKSN,PDQT,ATVY,ATVQ,ATVM,KHQP,INTD,INTT,PIDA,NMEL,PIDP,PIDW,TTLC,VKWF,TRPT,FVPP,HNYP,HNYR,FVPE,FVPH,QLWQ,RVVH,KYVQ,RVVQ,KYVG,KYVD,QLWA,NDQP,MLTQ,NDQF,NDQA,LTTP,LTTR,NKWD,VAYS,FIYL,VAYH,VAYI,IKDY,VQLW,DLIM,VQLH,IFLC,SMAI,DLIC,IKDE,IKDF,EQCN,DTVQ,DGVC,DGVM,DGVW,VFYE,GLCM,VVFH,DMMD,GYEL,GYEK,GYEV,VVFY,GYEQ,VVFR,DMMT,VVFQ,YAIA,YAIF,YAIM,CSHY,YAIS,TVTK,EDWS,TVTC,TVTF,EGVM,VLTY,ENNH,ENNQ,ESNY,EGVP,YSKG,HVFC,HPLY,MLME,HPLQ,MLML,MLMS,CGNS,EMTS,EMTQ,WEHY,WEHT,QQWS,KEHS,TSRT,PQGQ,APLC,GGFD,KKIC,KKIH,KKIN,RKPI,RANE,RANG,FGTF,RANT,PLHQ,PLHY,AGYI,PLHD,PLHK,AGYE,WTAS,FVMK,WTAA,WPGI,KYKE,SDQD,KYKV,KYKS,DFID,DFIF,DFII,PVCY,PVCG,DFIT,DFIW,SGQR,DFIY,PVCL,PVCI,NRAS,NRAE,STFE,STFD,IFWK,STFV,IRCV,AMTS,AMTF,AMTA,NEHI,NEHL,DTKD,DTKG,DTKA,NEHF,DHWF,NEHP,SAGW,SWLF,SWLI,KGTP,TDRV,GIAH,QSTY,KEMF,GHME,QSTK,GECE,MGNQ,QSTC,PPIF,QSTG,KRTP,QDCC,NSEN,ERHR,NSEF,NSEY,NSEV,NSEQ,VLIM,VLIC,GFDN,QYAG,RPAY,ECDF,YPAP,FEEC,FEEM,TPHS,YPAK,FYFP,LEPP,LEPM,LQDC,LQDM,RPAR,LQDH,ITTH,FYFY,ITTF,RPAD,QFTV,WQVN,FYFD,MREH,MREI,MREN,HGTV,MREA,MREF,MREE,HGTL,HGTI,MRES,HGTA,TGRI,TGRA,TGRQ,TGRR,GNEQ,EHIF,SHTF,SCRA,RLVH,GYPE,AYKM,AYKA,AYKD,CQTD,AYKR,AYKQ,KPTN,HAFG,HAFI,KELH,MEQL,WQCI,HAFP,HAFV,HAFT,VIPR,PFGN,PYEY,PFGA,PFGF,RMLC,RMLF,RMLE,RMLI,RMLH,RMLL,WAVF,WAVR,WAVS,AMII,AMIF,RGGN,RGGD,DHLD,DHLF,FPQI,DHLH,FPQR,PYRP,QNRH,DWAP,MVHS,QNRC,QNRG,QNRD,QNRY,DWAM,VPDM,DTVG,KMTR,KMTE,FMSQ,VSCP,SKNF,SKNC,SRVR,VSCA,VSCC,VSCH,YRPS,DPAY,FDED,QMPV,DPAG,DPAE,VERV,VERD,VERM,RCLV,GVRP,TVGM,VPCS,VPCR,GVRD,GVRN,KLLM,NFRE,TKAP,NFRY,RQVH,ERAT,CEAC,DLSW,REMS,MDNE,QQNI,LKIH,QKFV,QKFT,QKFR,RQVD,DKAD,VQFD,TCHP,QPDF,AAYD,PRFQ,ERNE,ERNA,CQIP,ERNV,ERNR,TRAD,TRAG,TRAC,TRAN,TRAI,TIST,KTFH,KTFD,HFIV,ARCF,HEHM,ARCA,RMSC,TERK,RMSE,RMSN,TERA,TERS,CLQW,YIPL,YIPM,YIPI,CLQN,ADRC,CLQM,YIPR,CLQK,CLQH,CLQI,CLQF,MDHL,MDHT,WPVI,SMLC,KNPN,FKGA,KHLH,FKGQ,HINA,KHLR,PSNG,KHLY,FKGY,HINN,HINL,AKTM,AKTY,FQHA,FQHK,FQHI,QYYQ,SQFS,SQFQ,SQFD,SQFE,SQFA,AAVW,VHED,REHP,HEAR,NVTP,NVTS,AAVH,NVTY,GAVR,GAVW,GAVD,PKMV,PKMA,PKMI,NCFL,VGRR,DFLM,HAAP,GQIE,GQIY,VGRE,GQIR,GQIQ,VGRN,GQIT,GNDP,GNDW,GNDT,GNDK,GNDL,EHFI,NGGE,NGGF,NGGN,QWGI,DNPT,DNPY,LAEW,LYHE,LYHD,EFME,QAAD,QAAP,QAAW,NSHN,YYVG,YYVC,YYVM,LHQP,LHQV,YYVT,TNKS,CFAC,HESL,CFAE,NMDV,CFAK,CFAS,CFAV,HESP,HESQ,HEST,TYYL,CLLI,CLLH,ELSM,CLLD,CLLY,MTLM,MSFK,MGRP,MSFI,MGRT,CYAP,MSFD,MSFE,MSFY,CYAA,HFSH,HFSD,RCTD,HIQG,RCTL,HIQL,PQQS,RCTW,YHIE,EKSH,YHIV,EKSM,EKSE,YFNT,YFNR,YFNL,AFRS,CYAQ,AFRT,MITV,MITR,MITP,AFRA,KQWE,MITK,AFRM,HDEN,RTNY,WVFP,MFTN,MFTQ,HSGD,HSGL,HSGK,WVFF,RIIW,RIIN,CILA,CILC,CILH,WGSR,WGSV,CILP,WGSI,WGSN,WGSL,WFSA,IPDK,FRRP,IIPR,IPDN,IPDM,FRRY,IDPM,IIPY,ICDQ,IIPN,FRRI,IPDV,CFAD,SFNY,SFNV,SFNQ,SFNR,SFNM,SFNI,SFNE,SFNC,PWLG,PKPV,PKPQ,PWLR,VGMH,VGMI,VGMM,IYGW,IYGT,EVMS,IYGY,GRGR,IWNL,SICF,QHQA,QHQK,QHQR,NNGI,DKFA,LYSH,GYFR,LYSK,LMGC,LMGI,LRAW,LMGK,LMGL,FSTM,FSTN,FSTQ,VMFT,FSTY,SCRQ,DANY,SCRD,DANI,DANH,DAND,NAWD,TNTE,TNTK,NAWL,TNTN,RTDN,TNTR,TNTY,NAWY,LSMF,VTTG,VTTE,VTTC,VTTQ,QEKR,EAGH,EAGN,CGEN,MYRT,MYRV,EKHN,EKHR,EKHW,ETEV,ETEH,MIII,AFMN,AFMS,MIIV,MIIS,MIIR,TQLG,TQLV,KRMM,NFEN,WIGP,KRMG,TAGP,HLSF,HLSY,QDDV,HRIF,TAGC,TAGN,HLSR,TAGH,HLST,HLSV,YLGQ,YKQQ,QYSR,YLGY,YLGC,YKQK,YLGM,PNTG,PNTE,PDYH,SMIM,HVYP,PDYE,TKQI,HVYG,STSC,QDDQ,ACKE,ACKL,KAQP,HDKQ,FLRW,INLQ,HDKI,KAQF,KFGA,KFGD,HDKA,KAQN,KAQK,PQAG,PQAD,PQAH,FCRL,PRQR,NQQG,NQQN,NQQT,NQQP,QFVY,QFVV,QFVQ,QFVC,QFVA,PRAQ,PRAT,FYDF,FYDE,PRAA,PRAE,PRAF,PRAK,KEVW,TNEV,LGLM,FFLH,IKLW,IKLY,VQDY,DKGY,DLQY,DKGC,IKLC,DLQC,VQDF,VQDK,IKLK,IKLM,IKLN,DKGM,AQDK,AQDH,KNWV,VAQM,VAQK,VHGF,VAQF,VHGA,GWFV,VAQP,EHDS,EHDR,EHDL,HDRV,YAAR,EGNK,EGNH,EGNT,YAAM,HIID,YAAC,YAAE,YAAD,VFQS,VFQQ,HIIR,VFQF,TMLV,ENVY,HIIQ,ENVV,ENVH,MLWS,HDRA,YSCA,YSCV,TLHM,RDWA,TLHG,TLHA,TVLM,GKQE,FFRK,FFRE,FFRY,FFRV,FFRT,DLAM,TMNR,HPDR,HPDS,HDPF,CGFQ,HPDE,CGFY,HPDK,HDPT,APDS,VQTS,APDV,KKAW,KVCF,KVCG,KKAN,APDK,KVCL,KKAD,KVCI,SDYF,KYCK,FGLM,FGLN,RAVF,FIHS,YGWG,FIHQ,FIHP,WDVR,WDVP,WDVT,WDVA,WDVD,ATED,AIGM,CFVT,DQSD,FTHK,FVEN,ATEP,FVEH,ATEY,RVCL,WTIL,RVCD,RVCA,KYEP,RVCV,RAPN,SGIW,DFAV,SGIM,DFAH,SNWI,PVKI,HEDL,PVKG,PVKD,PVKW,CFVA,AGQP,SMVS,AGQY,STNT,STNR,SMVT,AGQD,IMEI,IMEM,SMVD,IKQE,IKQC,CSIC,IKQQ,IKQP,EEHY,YAFT,QINE,QING,DGEM,QINN,NHWP,QINK,QINQ,DGEP,NRYW,NRYS,NRYA,SWDI,ILIM,ILIR,SWDV,ILIY,QTHR,EPVG,GEKD,QTHG,QTHH,YDQI,VFNR,IDGS,ERSY,VYCF,EFGD,AIEL,EVDC,ECLF,ECLG,EVDT,QVYN,LLDC,TFHI,VVNQ,YPIM,LGMM,YPIK,HPYN,KKFN,EHTI,YPIT,YPIV,YPIQ,HGLW,HGLP,FVGY,HGLE,HGLD,HKVH,HKVM,SWSY,HKVN,RFGQ,HKVV,SWSQ,YWIL,MQEQ,MQEY,AYCQ,ANAE,AMAE,RRYK,AMAV,SSNM,RRYF,RRYD,AGNC,AGNH,FDEQ,FPYP,IAWE,IEMC,SHHG,FDEG,FDEK,FPYE,KQFC,RYSY,IQTK,IQTI,RYSI,GHPG,GHPK,PATK,VSKM,GEPN,GEPW,QSAR,KQFY,GEPY,RFRT,FVNA,VPKS,QREW,QRET,VPKP,QRER,HVLF,QREP,QREY,CLFA,QREN,VPKH,QREH,QDTY,NYFN,QMHK,QDTH,LECD,LLYD,LLYM,VCPS,VCPL,VCPG,LLYY,SMPM,ENFH,EICS,ESHP,ESHS,KEPQ,ESHE,ESHN,THSI,KYLN,THSA,THSE,THSP,WQPF,TDTR,RLKG,TDTC,TDTD,TDTI,RLKP,SDPD,CQAT,CQAL,CQAK,KYLQ,FICH,TIKY,MHFF,TIKP,KYLT,TRYQ,TRYI,TRYK,KNEI,RGRC,RGRM,RGRK,RGRW,KNED,ARKM,ARKH,ARKY,WAKP,WAKE,WAKH,WAKK,NHNY,CPEN,CPEH,AQVN,SHSI,SHSP,AQKP,AQKT,AQKY,CNNR,CYGS,AQKG,AQKF,AQKH,AQKL,PYPE,PYPA,PYPH,PYPT,PYPP,AKLK,WALS,AKLN,AKLC,CNNL,SKSW,PSFM,FAWD,PSFP,GVAW,GVAM,GVAD,VPTD,VPTP,VPTV,VPTY,DPVC,QYQK,DPVA,NFGH,NFGG,DPVM,GFTS,GFTR,GFTQ,PAHA,NFGR,GQAE,GQAK,GQAN,GQAP,GQAT,GANQ,GANW,PVAF,DEDM,GANG,GANK,DEDG,GANM,DSKS,LHYQ,LWGR,GGSM,LHYA,LHYD,LWGA,TDIE,TDIY,ERQV,EYGI,GNLP,GNLW,EYGM,EFET,GTVY,QAIH,GNLA,EFEH,EYGS,EFEG,EYGQ,EYGP,EFEA,YTRK,YGEY,YGHA,MTDP,CFYI,YGHS,MTDK,MTDL,TEMV,MADD,RQRR,TEMR,TYQY,TYQP,TYQL,TYQM,HCTE,MADP,MADQ,TYQF,TYQG,EDDK,YIEH,EWDA,YIED,EDDI,YIEY,FGSN,CLDE,CLDC,CLDQ,CLDS,IETG,HFQY,FTFR,TPCT,YFVT,YQVD,EDDG,YQVA,YQVT,HFKV,HIYT,RCLR,HFKF,RCLH,RCLA,YHAQ,YHAS,RHMS,FIRP,HYFK,WLEV,WLES,WLEP,WLEQ,WLEI,WLEG,WLEA,SLMD,HAIS,CITQ,CITV,CITW,RNSF,CITN,CITA,RNSH,IDHI,IDHG,IDHF,IDHD,FTDF,PASG,PASC,FTDN,SQSK,FTDI,RTVG,RTVM,SQSY,SFFT,SFFY,SFFE,NCQI,DSRW,NIGN,NIGK,GSFT,NIGC,VGET,NIGR,NIGQ,NPPR,SPKW,STIH,IPLK,DNEY,DNET,QHYS,QHYA,DVVM,DVVN,LHFG,LHFD,DAVY,DAVM,DAVH,FHRG,QARN,SIKR,GNSK,GNSN,SIKF,IWVG,IWVE,SIKM,QARQ,QART,QESW,QEST,NDKF,TNLI,DFFH,TYLM,NDKA,ARQD,TYLY,TYLT,LRIE,ELNS,DFFG,ELNW,LRIN,SGVN,ELNG,ELNF,VRHL,VRHI,HEVV,VRHP,VRHR,ETMV,CTRS,CTRR,HRPI,HRPG,HRPT,LYDV,YMGS,YMGV,YMGI,YMGM,YMGG,YMGF,YMGE,WGDC,YKYK,YKYG,AFES,AFEP,AFEQ,AFEV,YKYA,WGDY,YKYQ,WSRG,MIAN,TQTQ,MFGE,TQTM,TQTK,HSMI,TQTE,MFGS,MIAY,AVPA,AVPY,HLKA,HLKI,RNHN,RNHK,RNHQ,LCET,RTHY,PNLD,CIIY,PNLM,PNLQ,KRET,KREY,KGGP,KGGK,KGGM,KREH,AGLC,KREK,PDQA,RSRP,PWSS,TKYY,PDQR,HVQG,CIIL,RSRF,RSRE,PDQY,RSRN,NPMD,ACSW,ACSN,NCSE,KAYN,PEMP,KAYH,ASHG,KAYC,INDD,INDF,PEMG,PEME,ASHW,INDH,KAYQ,FYLC,GSDY,FYLF,PLPC,PRIY,DVQA,PRIQ,LMRW,PITR,NQYQ,FAQT,LMRF,PITC,QLGQ,PITD,LMRA,FSGM,SIPC,SIPM,WGTE,KDYI,ITRY,RAFK,ITRP,ITRH,NKEY,DLYK,DLYH,DLYC,QQHV,QQHR,MSKI,LTDF,VTAM,VKGY,VKGH,FDYE,GYQR,ETPC,ETPA,EHLG,EHLC,DHPK,LGDD,LGDH,DISW,EGFM,DEYI,MMSG,DNGI,KSRC,PDAS,IQKW,CMGG,CMGP,MVKL,MVKM,MVKN,MVKA,MVKQ,TKDD,RSMF,TVDM,GYQM,PDAA,TVDD,RSMR,TKDR,TVDP,KVKH,KVKY,KVKR,KVKS,VYIS,REWL,REWG,RVKF,RVKT,RVKW,RVKQ,HKHS,FGDQ,HKHP,FGDY,SDAP,NMPT,LDGP,ATMQ,HNRT,HTTD,HNRV,HNRP,HNRS,DFQN,ITIF,ITIQ,HNRI,QGAR,DFQE,SNGM,SGAW,DAHR,MAPS,MAPQ,PCIA,LIIW,RFNI,STVW,SMNS,IFGQ,KQTY,IMME,STVG,IKYL,STVC,IFGC,VVSY,QGAI,EQTM,EQTH,SAWV,QIFM,QIFN,QIFD,QIFE,SAWE,ILQP,ILQH,NRQS,VLYY,GSHM,VYKD,ENAT,GSHS,YARM,YARN,YARQ,TAHY,VFFT,DGMQ,VFFI,VFFF,LCRT,MKDV,EMAS,EMAR,GNQR,EMAV,EMAK,EMAN,MPSQ,TQMK,HGDN,HGDM,HGDC,KKRM,AYAF,DATH,CRQG,CRQL,CRQK,HPQM,HPQE,HPQC,CRQY,FEFF,YESG,YESE,YESD,YEST,YESP,HAVP,KPDN,AWSY,FIWA,ANIT,ANIR,HAVM,HTRG,RAEF,RAEG,RAEN,RAEH,RGMT,CAER,CAET,RGMS,CAEC,CAEG,CAEE,CAEK,CAEI,WTTS,WTTT,YDSV,YDSR,YDSS,HRKR,WTTI,WTTN,AMYP,AMYG,RGMD,PVTR,RRQT,DFRV,RRQD,HRKN,WDAF,WDAG,WDAN,AGFH,WDAQ,PLEC,AGFM,PLEL,AGFF,MGFL,AGFE,IRVE,IRVR,IRVQ,IIIW,MFHD,SALM,AEMG,FDMQ,PMAG,IQLW,PMAR,SVFI,GCLK,QGMQ,GCLI,WIVN,GCLD,QSIN,QSIM,QSIG,GCLT,DYEI,LCQL,DYEE,LPWV,DYES,DYEV,IIIN,CVCS,DCSP,LLQM,DCSK,DCSH,DCSF,MSVQ,DCSE,THKT,GSPH,GLIQ,YPTN,QRMH,QRMF,YPTA,YPTG,YPTD,QRMT,QRMR,QRMS,QRMQ,LKYP,QKVW,LKYT,QKVQ,VHAC,QKVG,VRFY,TICQ,MNVF,HAIE,HAIN,ETKH,MNVS,MNVR,TTMI,TRQF,TRQA,TICG,TICK,RFTV,MGRQ,DVCQ,EIKM,CTTF,FDKQ,EIKY,YDNM,YDNL,YDND,YDNG,YDNQ,CEKH,CEKN,CEKG,CEKQ,CEKS,WKRK,KQPQ,WKRF,RRNV,FDKA,RRNT,WKRP,RLCL,RLCQ,AFYW,RLCT,TPHD,QGHG,KMAK,KMAD,KMAY,QRRT,HRLW,IAHN,KMAQ,QRRR,HRRR,HRLT,FMEL,PYHQ,PYHP,FMES,NVDS,NVDE,YPYE,SRMH,SRMK,VSVW,FSWM,KWLL,KWLI,KWLD,KWLY,KWLW,GYKH,VCCP,VCCR,GVYV,VIHV,GVYG,GFLW,GFLM,DCNM,PTPQ,QYID,DKGD,NLWD,QYIP,QYIV,DCNV,NLWV,PTPN,GQYR,GQYQ,GQYA,AMNK,HRDP,GAFN,QKKD,GAFQ,NGWH,YYFP,YYFL,NARR,YYFI,TDAS,TDAG,TDAF,TDAC,WFGL,RGFC,ERYL,ERYD,ERYE,KDIH,ERYP,YGPY,YGPP,TSHA,YGPK,YRPA,YGPA,YGPD,TSHV,CFQQ,ARVN,CFQV,KTQF,ARVA,MALR,CFQD,KTQV,ARVP,WFGV,YIMA,GERD,AKYK,WVSK,AHHS,AHHR,TQVD,TEEM,TEEH,VSIR,TEEP,RHEI,QTQV,RHEN,YHYL,RHEG,NQIG,AACC,NQIC,AACW,AACT,HYNN,PLVQ,PGQQ,DYKR,HIAR,RCDV,HIAW,HIAE,GTPG,NQIW,MPHQ,CKTM,PGQN,LPYR,PGQE,SQKY,FHHS,RYRH,FTLK,RMTP,RYRE,SQKC,KQKS,PTMY,QTAF,QHAY,LVPD,PQRP,PEFG,IYWN,ICTS,SVSW,FCCY,ICTG,QWLF,QWLG,DEWE,DEWI,QWLQ,LHNY,LHNR,LHNP,HEKR,FLMY,LHNF,LWRA,WFLE,EFPN,EFPK,VMVE,VMVD,VMVA,YRKD,YRKG,MTSR,YRKM,YRKH,YRKQ,MAQM,TNDV,CFLA,CFLN,MAQG,TNDY,LIHG,LDHN,TNDF,LDHI,CFLP,LDHG,LDHA,MAQS,LRQY,VDEF,LYCT,LRQR,HIDN,EENN,YQKH,QVEK,EAWQ,MSSM,CYVS,MSSF,MSSY,MGGG,EAWD,MGGI,MSST,MSSW,TYDD,QRKF,CIAA,CIAN,WGLP,CIAK,CIAR,CIAP,WGLA,WLPA,MIYR,WLPP,HRHF,TPRK,HLCY,MPRI,HLCP,AVHK,RITS,AVHL,RITQ,AVHN,AVHQ,RITN,RITM,DPKM,KRCS,PNDY,PNDT,PNDQ,PNDH,WFFS,WFFV,FTQL,FTQG,RYIC,HMEH,RYIY,HMEI,GEAN,DYTK,RYIP,FTQV,PDIR,PDIK,ALVM,PDID,FERC,PQQQ,FERE,PQQT,FERK,FERR,FERV,PQQL,PQQM,TRTY,MEIA,FRGT,SVND,AEEM,LEPR,ICIQ,SVNT,SVNV,SVNP,RSTH,TRTK,DVKH,DVKN,GKMI,FYTR,DVKD,FYTC,DVKT,NNLA,MKFI,MEIV,NNLY,GRRW,NPEH,NPEK,GRRG,NPER,GRRI,GGCY,GMSP,GGCP,GMSN,GMSH,QQPL,QQPI,QQPY,NQAD,NQAA,NQAC,NQAH,GTHA,YMPL,YMPS,KMSE,QPRT,EAHA,EAHD,EAHI,EAHP,YVEG,QPRI,YVEL,LTLW,KMKI,GWVT,LNHG,LNHD,LNHV,LNHT,LNHR,LNHS,YDAE,YKFG,YLRC,YLRE,YKFA,YLRM,YKFI,CCQV,MMKS,MMKP,MMKT,MMKK,GLPC,TARI,TARN,TARY,PNYD,PNYG,SNST,PNYT,PNYP,TQGF,TQGA,KRPV,TQGH,INFM,CSPP,CSPQ,CSPN,KRPI,CSPI,KRPC,KRPA,RDGW,CDPC,CDPE,LFAW,KGPD,KGPE,CDPI,TKLV,ALMI,RDGG,FEHK,RDGD,ALMP,TKLC,RSEG,RSED,RDGH,NFSW,CEVQ,FEHM,PQKS,RKHS,RKHT,RKHA,QQSQ,FEHV,PQKK,CGVR,CGVS,KFRV,QQSI,INWM,CGVG,KFRN,ITAE,RVSQ,ITAW,TIIC,KYSQ,SDIP,SDIN,KYSD,SDIM,KYSM,TIIM,DFEK,IGGY,IGGR,IGGC,SYRR,GMHE,SYRV,SYRT,SYRY,DKRA,DKRC,VQKF,WIVT,PIGA,PIGC,PIGN,PIGP,QLEI,NTGS,NTGP,NTGY,NTGG,EHSV,EHSR,FQTD,GLND,ILYE,GPRI,EHSH,GPRL,VVKF,VVKH,VVKM,FQTM,QPIS,NDRK,DRML,NKRY,DRMN,DRMP,LTQQ,DRMY,NKRN,NKRM,NKRK,NDRQ,WIDA,VHPN,FTPN,VHPH,VHPA,VADR,VADW,VHPV,EGSG,VLQP,DTST,EQLC,EQLW,DTSA,NEPF,DTSC,DTSN,DTSH,NHPF,NHPG,NHPA,NHPV,EMIK,EMIC,EMIE,SADH,EMIT,EPFT,EPFV,MVVC,EDRT,EWRA,MVVF,EPFE,EPFD,EPFG,EDRH,EPFC,EPFN,QFPL,TVYS,THTN,TVYK,TVYL,APKV,APKY,KANV,APKD,LKHR,APKI,RKSI,KANS,REGA,YSHD,EVTQ,HAIT,WCSL,CRYQ,EVTW,EVTV,YSHR,YSHS,CRYE,EVTF,TMAR,CGKD,TMAV,HPIR,HPIP,CGKM,TMAY,HPIF,TMAF,HPIA,TMAE,HPIL,CGKY,AYSV,KPLM,AYSD,AYSN,KYHF,KETH,RAMY,AWKG,ANQN,RAMI,ANQP,SDTW,RAMG,HKFE,FGWA,HKFF,WEEI,YNRV,YNRY,YNRG,YNRF,YNRE,QPSN,WEEQ,YNRH,AIPN,WRPS,WPLN,AIPR,FWLL,WNRN,TSWS,WNRD,AMQW,FNGT,PCLQ,SGRP,FNGS,FNGI,IHGF,FNGD,SGRF,PCLF,PLMA,IRNC,PLMV,PLMP,IQDH,ILDD,ILDC,SWIK,GPMS,IQDY,GPMT,IQDV,GIFR,GIFY,GIFK,CSSY,MVLT,PMIV,PMIR,PMIP,PMIQ,MGYQ,NRNN,QKGF,VYVT,VYVY,VYVK,PPRT,DTHL,DTHN,SADW,PPRH,DHTP,GFAE,SEME,LQGM,SEMD,PTST,DPYR,QGEM,QTGT,QSQP,QSQY,QTGA,QGEW,QSQK,QSQI,RYVQ,FKDK,THCS,TGQG,CNPA,YELQ,YELG,YDFD,YDFF,CVGN,MHVR,MNNP,CVGE,CVGS,TTER,TTEQ,HTGI,TTEF,HTGW,TTEH,HTGQ,HTGR,YNMA,CARF,TIRY,CARE,YWFY,YWFA,AVPF,KDMF,CESD,MDPG,CESM,RRFW,KDMR,KDMS,RRFN,MDPP,KHPE,KMIC,FPRY,SHCS,FPRR,KMIL,FPRH,FPRI,KMIP,SHCL,FPRF,HRTA,RMKK,PMTN,PMTF,RMKF,VIMS,RMKQ,PMTQ,VEQN,HLIT,VEQT,VEQW,NVLP,FAGY,FAGW,PSVM,FAGH,FAGG,DCFE,CPLQ,VCKT,KLKL,DCFK,VCKN,DCFS,VCKK,VCKA,GAAC,CGQA,FQPD,DIMN,YIQL,FQPT,GFDQ,DPFQ,GFDW,QDCS,CGQI,QYAR,GFDA,ASTV,GFDE,QYAE,NYMF,YIQT,NEGC,QKCL,GVQI,VIPP,GVQE,VIPY,GVQT,GVQV,GVQR,ESET,ESEF,ESEN,ESEM,TIVY,TIVQ,ERAS,ERAP,TIVE,GQQR,EITY,EITC,GQQK,VNRA,VNRV,VNRR,VNRQ,ADQM,CLTE,CLTI,CLTK,TDYV,TMLK,TDYF,TDYK,HMEF,YHQK,AKQS,AKQH,YHQQ,HEKP,GQTG,HEKI,HYVR,HYVQ,HYVV,SECA,AAKP,HYVM,HYVL,HYVG,HYVF,AQDQ,AHPP,AQDC,AHPA,KNWR,HIIK,HIIN,HIIM,HIIA,HIIF,PSME,PSMQ,PSMS,HIIT,QTQA,NCAL,ISMS,PKHE,NCAE,NCAY,ISML,ISMA,SEWG,PTEQ,SEWP,QHIH,LAHT,QHIK,QHIG,LAHA,VVCY,IIHT,AHDF,IIHI,YTYK,YTYE,YTYP,WMST,DMPL,LHVY,LHVA,LHVK,LHVI,KAFN,GQNG,GQNM,GQNS,EFHV,EFHP,GNCE,EEFN,EEFY,KAFM,MTKP,CFDS,YGEH,YGES,YGER,MTKD,MTKE,MTKH,YHQP,KIKQ,VDMT,VDMK,LYKP,LRYF,LYKH,EKPP,RHVA,RHVI,RHVP,EKPE,EKPG,WMVL,YFAY,YFAD,WMVV,YFAH,MAYE,TNLH,TNLN,TNLM,HEVN,MAYI,TNLP,TNLT,RQNS,TEQM,RDQQ,RILQ,DDDQ,CIIS,CIIP,RDQR,CIIK,CIII,CIIH,CIIF,RILM,CIID,CIIC,CIIA,SEDR,MVEA,TEQY,DPPA,WGTI,PANY,MSKD,MSKR,MSKT,RCWG,HHIR,SFMT,DSYI,FTII,VFVK,DSYA,RDQI,SFMF,PANI,PDAM,TLNA,KQTH,MIQQ,MIQR,KQTA,KQTE,MIQD,KQTQ,KQTR,FTYD,FTYA,WVLG,RYAM,RTCY,CAAY,YYET,PQYS,PQYQ,ICAR,AEMK,ICAH,IDWC,ITFT,VNVA,IPCI,SVFW,GKEM,GKED,DAAQ,GDKF,NNDP,ISLM,PRYK,DVCP,DVCV,NNDD,NNDG,YGRS,VMEY,FSWR,VMES,VMEF,QEDT,GGKW,QEDP,NART,NARW,QEDG,QEDD,NARN,NARG,QEDM,QPIC,VDVC,VDVE,VDVP,VDVQ,VDVR,LYVC,NQII,NQID,NQIE,GTPW,VTQV,VTQP,VTQR,VTQL,VTQE,VTQD,NQIV,GTPF,NQIP,EKMD,EKMI,EKMP,YQFP,AFPM,HLPA,HLPF,HLPH,HLPM,HLPQ,HLPR,HIMQ,YKNF,YKNV,TPGM,TPGG,TPGF,TPGT,TPGS,MPAA,MPAF,MPAQ,TKTV,HCFG,HCFS,TKTN,NGMA,CRHR,CCIG,VHST,CCIV,AFPD,WIDF,KRHR,WIDN,FEAM,FEAN,FEAP,VQHS,KANT,KANP,RPED,RPEK,RPEN,RPEY,AEVN,PNQL,AEVD,PNQH,AEVG,AEVY,TSER,PNQR,AEVT,RQVE,CLYR,KLRF,QFYP,ITYR,ITYT,QFYD,ITYA,DKSL,QFYI,DLEP,PKLD,PHGG,KIRY,CFRS,DLNM,GGTD,GGTK,GGTN,DLNC,GGTR,GGTT,IKIW,IKIR,DLNP,QLRI,FGFN,QLRC,FGFK,VHHG,VHHL,VHHP,VHHY,GLFC,GLFK,VVCP,DMPQ,QPAQ,GLFM,QPAS,VVCI,QPAM,VVCK,VVCA,QPAE,QPAG,DREY,CDCI,LTYN,DREK,DREC,LGKH,EYEQ,PAGS,VFVC,NEQG,VFVD,VFVY,ENQT,DGRA,QYVN,EGKN,NHSE,GNNP,ENQL,EQDY,EQDS,SESH,QIVK,WEVT,QIVQ,QIVR,TVQI,TVQF,TFPR,TFPN,TFPD,TFPC,NGFI,DNQN,CSEG,CSEA,CSEM,TLEW,TLEM,DNQT,HPAG,TMIG,TMIE,TMIY,HPAR,KVFI,KVFH,KVFE,APCT,EMQA,RVIH,MLPV,MLPT,MLPS,CRAA,MLPA,CRAL,MKRG,IGTF,MKRE,IGTM,IGTN,MKRK,HNGD,AIHV,IGTR,HQEI,HQEF,MKRY,EHPV,ANYG,QCVI,ANYC,FFWG,IMFI,IFRI,IRFW,IFRM,STAQ,IFRY,IRFK,IRFM,FWDE,FWDV,FIGD,FIGN,NDDL,WDQQ,EHPY,NKDV,NDDD,NRFN,NRFH,GPER,GPEV,GPEL,NRFR,SWAM,SWAQ,CRGF,PVDC,FHGN,PVDP,PVDY,LCAP,LPGY,LCAD,LPGH,EDSN,IEAH,TIDQ,AWVE,GINH,NEGP,NEGM,GINS,GINQ,NEGF,NEGG,EQYS,NHEN,NHEG,NHEV,NHES,AIHG,CRGA,TFMP,GHHI,EDAN,QSYD,HQEL,EDAT,QSYY,QSYW,YEDK,HGSN,TGYY,HGSI,HGSF,HGSD,HGSE,HGSC,HGSA,FKLI,TGYM,TGYI,HNGT,TGYA,IFYY,STHQ,SMLM,EVGE,EVGG,YPDS,ECAG,YPDV,EVGN,YPDK,CRGI,AYDR,AYDH,AYDA,AYDE,MNFS,MNFR,HAYP,HAYQ,KEIN,HAYY,HAYA,MNFF,MQFP,RFDD,HAYL,RFDG,YNES,MPVT,HYSP,YNED,YNEE,WLIW,CKPK,IRYL,WASV,WASI,WASM,YQTS,IRYY,WASG,KSGW,KDES,KDET,KSGD,KDEN,KDEA,KDEF,KDED,DVDW,KHPR,PLRY,IQYS,IQYR,IQYT,EQVP,KMQR,KMQI,KMQN,KMQE,FNTD,FNTA,IHRL,FNTN,QIHA,IHRK,IHRS,EQVY,CYKK,DYPH,DYPL,DYPN,DYPE,VEYG,VEYL,VEYP,VEYW,DHII,DHIH,IVHA,FDFD,FDFF,FDFY,SHKT,DHIP,SHKQ,FDFV,NYES,NYEV,DPNC,DPNF,DPND,DPNE,NLGK,QDKV,NLGG,QDKS,VCSW,VCSC,VCSN,GCAN,GHSN,GCAD,DIEP,VSFK,DIEI,GHSP,GCAT,GCAQ,IPYQ,MIGQ,ESMM,ESMG,ESMA,THPI,THPK,QSRY,MHEA,MEGG,LGWA,MEGC,MNYH,VYIK,MEGH,TINE,HYDA,WSEE,WAHF,QYLH,ADYA,ADYD,ADYG,ADYH,WSEL,VYIR,CIVY,QSRF,TCGN,TCGA,TCGG,TCGR,TDQV,KQAC,AKIH,WKGD,WKGK,ARFQ,WKGM,ARFT,ARFN,KTAH,ARFF,ARFE,RMVP,PYSY,PYSQ,RMVD,RMVI,PYSE,RMVM,PYSC,FARC,KCFV,FARQ,FARS,FARR,PSEY,FARY,NVQC,NVQE,AASH,NVQQ,FPGP,KHGY,KWAF,KHGA,NTPD,KHGL,KWAS,NFDE,PAKN,QYRE,PAKD,QYRI,PAKF,NFDT,NFDV,QYRT,IAGN,PAKQ,WRQG,DEGT,GASE,GASD,DEGG,GASW,LCTR,KKMV,ISEW,PWLI,NQFE,APHF,IKNY,GNKM,ERTG,ERTC,ERTY,YTQC,YTQI,YTQQ,YTQS,YTQT,YYSW,YYSV,GQFT,GQFH,VNGY,VNGQ,VNGS,YIFD,YIFG,YIFA,YIFC,CLGP,PVNP,YIFT,YIFQ,YIFR,YGMT,YGMI,NIPR,YHLK,YHLI,YHLN,YHLL,YHLF,TNHG,YHLQ,YHLP,PIKN,MAAM,MAAN,MAAD,MAAF,TEHG,TEHF,TYTD,TYTG,RQQV,RTTR,RYTM,HSQQ,RNPN,RNPD,CIQY,RIDY,RIDS,RNPQ,RIDQ,YFIK,YFIE,DDYI,PAQM,HITQ,MGWG,HFTG,HITE,HITH,HITK,RTTG,RTKD,RTKM,RTKR,RTTI,DSQF,LRTW,PWKR,DSQN,HSQI,PWKD,SFER,PWKA,HYAG,HYAH,HYAS,HYAV,HYAY,RYYT,RYYV,SQPM,FTAH,FTAE,SQPG,RYYD,DNFA,DNFL,DNFN,GNTP,EYGD,IPKP,IPKQ,IPKT,ICYE,ICYN,ICYL,IPKD,IWKD,NIYP,SIHR,ANRE,VGHS,KYLH,HTYP,VGHH,LHIF,VRES,ELMA,ELMF,VTYE,VTYG,KNNE,LWYM,KSQA,IYML,HFPN,EKEY,EKEW,EQYT,PECI,MSGH,GINT,LICH,LICI,QELM,LICL,LICM,QELW,LICR,RWGA,AVSM,MPIQ,MPIT,RWGF,HLHN,MPIY,DNCL,RDVK,IPNG,HIPT,ETHV,ETHT,ETHS,SPID,PDVQ,PDVT,PDVI,HCNM,PDVA,PDVG,PDVD,HVRL,YKVD,YKVE,YKVN,CCAS,YKVW,DPSH,YKVR,CCAC,CCAG,WVPV,WILV,WILQ,WILR,WILL,WILI,WILA,ASEP,INGN,FEID,FEIF,INGE,INGA,RPMV,PQDC,FEIV,PNIS,PNIR,PNII,PNID,QFQN,ANKF,ITQV,GKVH,FYKQ,GDVE,FYKI,FYKA,HKLQ,DRGQ,ACPP,CFIN,NPNM,AMPM,ACPY,ACPC,AMPA,HTPN,CFID,PAKH,GTCT,HKLD,MTTV,IHDK,NQTH,AFQL,PIWA,WLLR,NQTS,NQTT,FDTG,GHHF,QQME,QQMD,QQMF,FDTK,NAAW,SACK,QQMS,VQGH,LGCI,LGCM,LTAH,HSFC,PPQH,QCGM,QPYG,QCGV,YVPM,YVPL,TLMS,TLMR,CDKG,TLMY,QAPA,RDPD,CDKT,TLMK,TLMI,TLML,QNKD,ENYG,WRNA,EGCI,ENYT,MVFR,MVFQ,CRIL,CRIM,CRIH,CRIE,KLEH,CRIA,WTVF,KLEV,CRIS,RPVH,RERC,RPVD,RPVF,DRGD,CMDK,GPNV,GPNQ,ITLC,RVHV,RVHP,RVHI,RVHK,RVHD,QHPS,WTLD,KVNF,KVNI,KVNT,KVNR,DFTN,NTHE,NTHI,IKVW,SMSM,STIG,SMSG,DQPR,SDDY,DQPT,SDDV,SSHE,MSNK,FGGH,YFFY,PCRH,VAKW,FTTR,SSHW,MFLN,QSPY,TQYQ,TQYN,PVLY,PVLW,SNRM,QSPF,DRVN,SNRN,NDGR,SNRR,SNRY,NKEM,NKEH,QGDY,IDSC,IPGY,VFKL,VFKN,LCIP,LCIS,NSPQ,NSPP,QTDI,VVPR,SVHY,ICEY,SATQ,QIKI,QIKM,QIKL,EQQM,DGHV,DGHT,DGHS,QIKF,DGHN,EQQP,SATH,DGHE,DGHA,TLRM,TLRR,TLRY,CKYF,RTFR,GSEH,GSEM,YAWQ,GSER,VYFT,YAWE,EDIN,EDIH,EWGS,YPLP,ECID,YPLA,ECIP,TMTF,YPLK,YPLH,DPGH,KKWE,TFED,TFEL,TFEN,TFEI,CIDF,TFES,MKGE,MKGG,MKGF,RIQY,MKGT,MKGR,KPGR,HQPN,HQPI,WTWG,HQPT,KPGL,KPGE,KPGF,HGKE,HGKK,HGKH,HGKP,TGAH,MQFR,ANDQ,AGKQ,IRQR,WNIT,WNIK,WNIG,ANLE,HAQH,HAQI,MQNE,RFLW,MQNI,ANLN,MQNP,HAQY,RFLF,KEAT,HAQR,FIRQ,HKME,HAQT,PFPY,IQQT,HRNA,PCSP,PCSM,AEHE,PVQD,RRVQ,RRVT,QNES,LPTR,ICLP,DWLA,DWLF,DWLH,DWLN,LPTC,VEAY,PGRC,NSKA,DYHF,NSKN,PGRN,DYHT,GISW,IAPM,IVPA,FDNE,PPGV,FDNI,IVPM,DHAL,FDNT,IVPT,DHAT,DCVT,LEFH,QDSC,LEFD,LEFY,LQRP,LQRY,LEFV,DCVK,LEFT,HVRN,FTAD,QGRN,QSFT,QGRF,GCIL,IQNS,QTRA,GCIS,QGRY,YPSF,YPSK,YPSH,QRHQ,YPST,THHY,MRSM,QKSD,THHL,YCGV,EIDV,YCGM,EIDQ,YCGA,PDDW,CVRL,MNQP,MNQT,CVRY,MNQK,MNQL,KSGC,CVRS,ADAP,TIFM,TRRF,TRRG,TRRA,RFQS,RFQQ,TRRV,TIFR,RLDY,QSGY,QGSC,PYKV,PYKR,PYKF,PYKL,PYKN,PYKK,TSPR,MDGL,MDGG,MDGE,QSGI,MDGY,MDGT,TSPN,TSPM,KIGY,FMHQ,FMHK,ARNG,ARNK,FKRM,KWII,FKRA,FKRW,FKRS,KMFG,IAMA,IAMY,SHVR,MQLY,IAMQ,SHVV,AKAQ,SHVT,AVNG,DDGY,SEGY,NYPR,NYPQ,NYPP,SEGM,NYPN,DPSE,SEGH,GFKD,DDGA,GFKK,DDGC,GFKN,FHPA,NLPK,NLPM,NLPP,NVYG,NVYI,SRHP,SRHI,NVYY,FQGL,FQGM,VSQF,FQGF,VSQN,FQGC,VSQM,FQGT,ESRQ,ESRF,QKHE,QKHG,GAKM,QKHT,PQVP,MQLQ,VPQR,VPQY,VIGY,VPQC,VPQD,EYHQ,EYHD,QVRP,YTIQ,QVRC,LVHV,LVHP,LVHN,KCDI,LVHK,LVHF,YINQ,YINR,YINI,YIND,YINF,TDNT,TDND,TDNC,RQYF,RQYQ,RQYS,YHDS,RHFK,YRSH,LDWT,YRSA,YRSC,YRSQ,YRSS,CFTK,HEFR,YFLP,ARQH,KTTH,ARQS,KTTS,KTTY,MAIH,MAIK,HFLF,HFLC,RCGK,RCGE,HFLV,RCGY,HFLY,WIID,YQSQ,YQSG,YQSH,YQSN,AQQP,YFQD,AQQR,KHRM,AHGE,AQQE,YFQS,YFQQ,AHGM,KHRA,PAVK,FTIW,PAVH,FTIQ,PAVN,RTSQ,HSRV,SLHM,HSRP,FTIG,RYQC,RYQD,SQHN,HSRF,HSRA,DSIY,NMKD,DSIH,DSIE,AADC,AADF,HYIR,HYIS,CIYD,AADP,AADW,HYIF,KQDW,KQDH,KQDI,KQDE,SPNY,IDGN,DNNY,WDAI,DERT,SPNV,DNNN,DERK,SPNC,DCQA,CVDE,NCTF,KGEY,ISRH,ISRC,FIKY,GNVQ,GNVT,EFSM,GNVC,EFSH,KPPT,GNVH,GNVN,QVMS,QVMT,IWSY,YLFH,MFSS,SHKL,LRRW,LYFP,SHKN,LYFF,EADM,LYFC,MARI,LYFN,VRMT,HTFP,EESM,DVSQ,DVST,DVSE,DVSM,NNTK,NNTD,VDFR,VDFT,DAQK,DAQR,DAQQ,NNTT,VDFA,YVII,IVHQ,LSPC,SPHR,DHIV,SHKR,MARE,MARF,QETC,MARH,QETK,TNYF,MARS,LIKY,TNYR,MARY,FHSF,MPQA,MPQE,AVKF,MITN,YQLE,YQLH,YQLI,YQLN,YQLQ,YQLV,YQLT,MPME,MGDI,EAPH,CYSE,MSPM,MSPQ,MSPV,TPWD,HRMG,WITT,WITV,RYLC,RYLM,WITY,FTRK,FTRT,WITE,FTRV,WITG,WITH,PDNP,PDNV,KGHL,DPNM,KGHE,PDNG,KGHP,WGAP,WLSY,WLSQ,WLSR,CYRE,CSGD,WLSD,QDKA,WLSC,FLHT,TKPI,PEKQ,SVMG,SVMN,SVMV,SVMR,CPVV,ASMT,FEQI,FEQG,FESE,PNAT,PNAQ,AEFQ,AEFR,FLHL,PNAN,AEFG,GRQG,GRQR,GKNQ,GKNR,GKNV,PQLK,PEHE,RFRN,PQLC,PQLG,FYND,HAKK,PQLT,NPFW,NPFR,TIEY,NPFH,NPFK,NPFD,NPFE,NPFG,TTKH,GTKY,GTKR,GTKM,SKKP,GTKD,VRRC,VRRF,RREN,VRRN,VRRM,VRRS,VRRP,MLVE,QFIF,DVLH,PRRW,FYSA,QFIS,QFIQ,PRRA,PRRE,PRRF,LTIM,LNMQ,VSFC,LNMK,DIEC,LTIW,GWKD,DIEF,MLVI,GWKQ,GGDR,GGDW,GMPK,NAIH,GMPY,GMPQ,NAIC,GRTF,MMLY,MMLF,SIRH,EHKL,FADP,ETWL,ETWK,GYRD,GYRN,QPQF,QPQA,GYRI,CDSK,MVNK,MVNH,CDSE,CDSF,CDSG,RSHE,TVAC,FADD,MELY,YLQR,KLMV,KLMK,KLMI,YSPV,YSPW,KLMD,HDEV,CGSM,HDES,KFQA,CGSE,CGSD,KACA,CGSA,ASRM,ASRS,HDEE,KACY,ASRT,HDEM,HDEL,KFQV,RPIT,CQGV,PETN,RPIY,GGYK,ATHK,ATHH,DMEN,CEIK,ITDM,ATHW,IGDC,ITDD,DLAW,KVVQ,KVVN,KVVC,RKKQ,PHLK,FFGQ,FFGR,PHLD,PHLG,RKKC,RKKH,FFGH,IACM,GGYR,QQVH,IMVI,IMVA,IMVD,IMVF,IMVG,RVPR,RVPY,WFII,RVPD,RVPA,RVPK,RRLM,KYPV,QLYT,SDLH,VACY,NKMG,FQQN,VACK,NKMV,VACC,VACF,NRVP,NRVQ,NRVD,NRVC,STQF,DKQN,DLCC,SMKR,SMKT,STQQ,DLCT,DKQW,DRNS,DRNT,DRNV,DRNH,DRNI,DRNL,DRNN,DRNE,QICA,DGPR,DTPD,DGPK,VFCN,VFCR,VFCV,EHVE,VVHQ,VVHV,DMKN,GFES,VVHM,EHVT,DMKF,EQIT,EQIN,EPEL,EPEN,MVQG,MVQD,EDQS,EPEE,MVQN,EDQE,MVQV,EDQI,DPEF,ENDT,EGPT,GSMP,EGPM,EGPN,EGPF,GSMF,VLRN,QAGC,ERIM,SEIM,EVWS,MLGP,CRTL,CRTG,MLGD,MLGC,CNHN,CRTT,HPVN,HPVL,YETP,CQNK,HPVY,HPVV,YETD,HPVS,HPVQ,FYGR,QCLS,TTRT,HQHY,HQHS,HQHF,SCLT,RKVF,RKVN,RKVH,RKVV,ISMQ,TGIY,RKVP,ETRY,WDDS,WDDK,IRIS,AGCA,AGCY,MQVY,ANTV,KEYW,ANTN,KEYN,KEYF,HKET,SDWC,HKEY,HKEC,HKEN,PVYE,PVYL,PVYS,PMLV,NRKK,NRKD,PMLY,PMLD,PMLI,NRKS,WLYV,WNQS,FNDW,SSCV,FNDR,AMRK,PCKY,SNAG,FNDG,SSCG,FNDA,SNAQ,AMRV,SSCH,AMRQ,AMRR,LPLW,NSCT,NSCQ,NSCN,NSCK,NSCC,IQIC,IQID,IQIL,IQIN,IQIQ,RWDQ,FDVP,DHYQ,FPAQ,QSNI,QSNF,QSNG,QSNS,QMER,QMEK,QMEL,QMEA,QMEG,VEIQ,VEIW,GCQI,GCQK,QRPV,QRPP,YEII,DHRR,MRKN,YEIP,YEIR,GMDD,GMDE,IHDN,GMDK,EILW,CHEL,DKFR,YDEV,YDED,LKTN,LFTV,YLTH,VQGC,HSPV,KPRF,MNIV,HALY,KPRK,RFYP,HALC,RFYL,KPRR,MNIM,HTDA,RMFV,PYCR,PYCS,KSPW,CPPQ,KSPS,KSPD,ADIG,CPPH,IHYE,RRKS,IHYG,WPAI,RRKH,WPAE,PGAH,PGAY,PGAQ,PGAT,PISQ,NMLQ,EYVQ,FDTR,VAPM,AQWI,QDFI,DCEY,QDFK,NFTS,QDFG,DCES,NFTD,NYHE,NFTA,NYHA,DCED,DCEE,QDFR,VETF,NVAY,FPAM,NVAH,NVAN,VETQ,NVAC,NVAD,SKDR,SKDP,SKDQ,VSYP,SRPY,SRPF,SRPN,SKDM,VPYA,VPYE,VPYG,VPYF,VPYY,RIFK,GACQ,NGRH,VHDT,NGRG,NGRD,EIQM,GQVN,GQVM,EIQC,GQVE,GQVY,VNWI,GQVR,EYPS,EYPP,ERDY,YCTI,ERDP,EYPD,ERDD,EYPI,FSIC,LAPR,LAPC,TDFG,TDFE,WKGA,TDFR,YIVQ,YIVY,YIVA,YIVC,YIVI,YTAP,YTAQ,YTAR,TIYR,YTAV,YTAC,YTAE,YTAG,YTAH,YTAM,TIYH,ITTY,KITF,HENG,HENF,HEND,KITM,KITW,KITY,RQAE,HENQ,WRRF,CPKE,TSGK,CPKV,ADTR,ADTY,ARYY,NMEE,ARYS,ARYD,FKMP,KCVS,AQYA,HFDL,KCVG,KCVA,FAYG,PSHC,HIDK,FAYI,HIDQ,HIDR,PSHS,FAYQ,FAYR,HIDY,RMVE,QYKQ,KFGY,PYSI,QYKV,NYSK,YFYS,YFYQ,YFYD,YFYC,IEGQ,IEGP,KQLH,IEGN,FHEG,FHEC,DDTG,FHEK,QYKE,DDTV,NYSE,DCLG,AALW,RSKK,HYQV,WSPD,HYQK,SPFR,DNVP,DNVR,IIMD,DNVL,SPFI,IIMN,DSAP,DSAY,DSAC,DSAH,DSAM,PKGC,PKGA,NCLQ,NCLP,FVPC,IYPC,YTCF,IYPT,IYPS,EFKV,EFKQ,QAGQ,EFKS,QAGG,QAGF,QVEI,QVEN,QVEM,QHDA,NIRQ,TTYA,NIRY,LAKF,NIRN,RVVM,VDNA,SVCN,YYAN,LYNE,LYNY,LYNS,HPIC,LHKI,DAYS,DAYH,LWIL,LHKP,LHKT,TNAE,LDME,TNAK,TNAL,LDMP,LDMV,PHIH,RHSV,RHSQ,NHSR,RHSI,RHSH,RHSG,RHSE,YRNH,YRNN,YRNG,YRNF,YRNT,MTVK,CFKS,MTVD,HREQ,MGLF,MGLH,HFYG,MGLK,HREY,MGLN,MGLV,HFYS,AVCG,YQDY,YQDK,WMSE,CTEV,CTET,KWAQ,YFDG,CTEF,CTEK,CTEI,MIRN,KQQD,MIRA,KQQH,MFRE,RYDF,RYDD,MIRS,HSAF,HSAG,HSAM,HSAH,HSAS,RTDY,RISN,CIFS,CIFQ,RISF,RNES,CIFD,RIST,WLKT,TICF,WLKR,WLKS,WGIC,WGIG,WLKD,WLKE,WLKG,WGIT,WGIV,CPIC,AEND,AENN,FRLC,IIVC,FRLH,SPYH,FRLM,FRLP,FRLR,IIVR,PDFH,SFPD,PWFQ,PWFS,SFPR,PDFQ,PDFV,VQLK,SMAA,NGIS,GADR,IKDN,FSRW,GRYA,GRYF,GRYQ,VQLE,FLGW,FEYI,FLGM,NIIE,FCEE,PQTF,PQTK,NIIH,NIIP,FCEQ,NQDW,VDSI,VDSW,NQDI,VDST,VDSR,GTSP,GTSQ,VTRD,GTSC,GTSH,GKFR,DVDY,QFAY,QFAV,DVDP,QFAR,DVDT,GKFA,DVDN,GKFE,QFAI,QFAF,GKFN,GDFD,DADM,NNIN,DADD,NNIG,DADC,NNIY,PYHV,KNTI,LNEN,NAQW,NAQQ,GGLM,AHQF,TPDD,TPDG,TPDC,TPDM,AQGN,AHQI,EAMY,EAMD,EAMG,KRWI,KRWV,MCRA,IGYG,YLYD,YKKC,YLYT,YLYV,YKKR,CMTT,QVQN,DPWN,IGYV,HMQL,TKKM,HVGG,HVGR,HVGP,HVGV,TKKY,HMQQ,PNRV,NLRM,PNRK,PNRE,PNRF,ACEI,APGR,ACER,ATPY,ATPR,APGL,ATPN,INRC,FEDD,INRF,FEDK,FEDH,KFYP,FEDV,RPFN,KAKR,RPFD,RPFE,FEDY,NMGS,NMGV,QLQG,QLQM,QLQP,NMGI,YRRR,TSNR,IGLM,FVRM,FVRH,FVRI,FVRA,PRGA,PRGN,PRGK,VVFW,GYEY,PRGP,PRGY,CSHV,DRFY,DRFA,DRFD,STYI,VQNA,DKYA,DLKI,IKFI,QQFT,VQNP,QQFV,VQNR,QQFQ,VQNY,EQAQ,EQAN,GLAM,QPLK,DMSW,GYGI,QPLC,QPLA,QPLF,GYGY,QPLR,YAGK,YAGI,CSFT,YAGE,YAGC,CSFR,PTDQ,MVYK,CSFI,CSFD,CSFG,MVYF,CDFD,EDYI,EDYG,EDYC,CDFV,SEVQ,CDFS,EDYY,EDYQ,CDFY,AIDF,IMST,IGPF,EGHS,EGHG,EGHN,RTYF,IFEY,YSMA,YSMF,CGLR,IGPT,CGLE,CGLN,IFEG,EPSD,TVRK,TVRL,TVRW,TVRY,IFEH,EMRN,AIMP,AIMK,MKWF,HPNF,REYE,REYF,HPNC,TMDG,REYK,TMDQ,REYR,PVFQ,APNA,KVEF,APNE,APND,APNI,KKGC,FFTQ,APNQ,APNS,APNR,KVEP,INHP,KKGP,FGRC,EGVE,RAHD,FGRR,FGRV,FGRT,WDLH,DMFP,WDLM,WDLQ,WDLS,WDLV,WTGV,WTGF,KEQR,WSVC,YFPF,KEQC,SGWG,DFGI,FNLE,DFGD,FNLA,SGWV,SNIW,IRAH,STDI,DPVH,IRAD,IRAR,FWGG,IRAW,DTMK,SAYP,GICI,GICV,DTMP,NHFG,PPWE,NKHC,IQAY,NRCM,NRCV,IQAN,ILCN,AGFQ,GEEY,GHKS,EWLL,GEEQ,GHKE,GEEM,QSVG,AFHR,QSVC,QSVW,QSVT,LCDY,YIFP,LEVD,TFNG,LLNC,TFNR,YNHR,DITY,YEAD,MRCS,YEAA,YEAM,KEPP,YEAT,YEAQ,YEAR,TGTN,TGTM,TGTC,HGVH,HGVT,HGVW,HGVV,HGVS,TGTR,FGKY,GEDC,RLTC,RLTR,RLTQ,RLTT,PLWR,KYDK,TWAH,AYIF,TWAY,HADI,KENE,HKPT,HADE,KENR,HTLN,HTLH,HTLK,HKPG,HTLF,MNAT,RRCK,RRCL,RGEN,VGVM,RGEH,PFEQ,PFEV,PFEY,PFEG,GPTF,WAPA,WAPI,KDHS,IHQQ,KDHA,IHQA,IVKF,FDCL,IVKP,DHNS,DHNP,IVKS,FDCR,QNPP,QNPV,QNPM,RCFE,SHFY,KMVQ,YYKT,SHFS,SHFT,KMVG,SHFL,DIHS,VSAW,SKLM,DIHY,VSAC,DIHC,GHVQ,VSAN,PGID,DYSF,DYSH,NVIT,NVII,NVIN,GVTY,GVTH,GVTN,VPAH,VPAK,VPAY,QDNE,DPCF,QDNY,GPAK,ILHD,EIYF,DCSL,EIYL,EIYN,EIYV,EIYY,IQAD,SNVT,CVYI,SNVP,CVYT,CQKR,YYKQ,TIQD,YYKA,YYKI,TIQR,YYKN,SGNM,ARAP,KTDP,KTDR,KTDY,KILW,KILH,KTDD,DRRE,KTDM,KTDN,ARAM,RQIP,TEPT,RQIS,TEPE,TEPD,RQIK,RANN,RQQK,CPCA,RQQM,CEEE,CEED,IKFP,CEEN,CEEM,CEEI,CEES,CEEQ,KNRP,KNRS,KNRG,FKEM,FKEH,FKEF,RANY,FKED,AQAM,FAQD,HILC,FKEQ,IPDI,AKVD,NLCD,TYTK,FHKI,DDLY,PAFY,PAFK,PAFA,DDLG,CQPR,AATP,AATM,GVKM,GVKW,GQKP,GQKS,LACC,GQKT,GQKW,LACG,VGPP,GQKD,VGPA,GQKK,VGPF,KKPI,VNDV,VNDP,VNDQ,NGEC,GAPT,SDQP,CIQK,QHLA,RNPR,LVEC,LWAG,HGFN,KKPR,YFIG,EFCN,EFCD,YTTQ,YTTN,YTTF,EFCV,YYTV,SDQI,TNIY,HEQS,PCAN,MTNS,HEQA,SGQA,HEQL,TNID,RQTG,TEKK,RQTV,TEKW,TEKR,TEKY,CYFE,QKLQ,FTNY,DGDM,YRFI,YRFV,KNIH,SVQP,ICRK,MGTP,KNIY,YFLQ,IDFQ,MGTD,MGTG,HFQG,HFQL,RCRY,DTDV,YDSF,HFTV,RHKA,NHAK,KQYY,WGQI,IEPP,IEPK,KQYK,KQYH,KQYE,KQYD,IEPD,AFPF,HSIT,HSIV,HSIR,IDFH,RTLM,HSIE,HSIA,EHYA,HPSF,CINK,RIKP,FRTY,ICFL,ICFI,SPQR,FRTR,ICFE,FRTV,VWVL,IDRR,FRTD,RRSS,SFHI,DSQC,DSTK,SFHL,DSTD,SFHF,PKRC,PKRY,PKRV,IYEH,VGKF,AYYE,NPVM,RRST,NPVE,GRAR,SIEP,GRAN,HATV,AYYQ,QHSF,QHSD,QHSK,NIAM,FCML,QHSV,NNAF,DALC,NNAK,NNAI,DALH,NNAS,AYYY,NNAP,NNAV,HATC,NQLR,NQLQ,LMEP,LMEL,NQLE,LRGP,NQLN,LYQI,GDNP,GDNC,GDND,SCPE,GDNM,TNRI,TNRK,QEIC,TNRD,TNRF,LIFH,TNRY,QEIW,QEIP,TNRR,QEIY,MGNI,NEHA,ELHF,ELHN,ELHM,ELHL,DAPY,ELHR,TPYA,EAEM,YVHS,TPLW,YVHV,TPLK,HRVG,EAEW,HRVC,MPLP,MPLN,MPLI,MPLF,MPLE,MPLA,LEGH,AIVW,MKLP,MKLQ,SQPE,MKLH,MKLI,EFRD,WIAL,WIAF,WIAQ,MKLC,WIAV,HLMQ,TAEY,DNFI,HLMD,TAEF,HLML,YLAW,YKSF,YLAG,NGVN,RDHR,RDHH,RDHE,HMIF,HMIE,TKSC,EKWD,TKSH,TKSV,HMIR,TKSP,ACME,ACML,FLPR,KASR,KFAH,KASN,KASK,FLPC,KASC,KFAG,PQGM,RPNV,RPNL,QLIC,PIRM,NQSF,PIRH,NQSN,NQSP,NQSV,PIRQ,RRSY,GKSR,GKSD,GKSA,ITTN,FYFR,ITTK,FYFT,FYFV,ITTD,ITTC,QFTK,FYFA,GDQQ,FYFE,QFTP,SSDC,FYFH,FNYI,MIPK,PCVD,MASI,LDFY,MASV,LNVV,LGND,QSTQ,LGNH,EWTD,AFVD,VKMK,VKMH,VKMS,RYGY,RRSC,GGQT,GMED,VQFP,VQFR,VQFI,VQFH,IKNH,VQFN,QQNF,PCVV,QQNA,VQFG,QPDI,QPDH,YVSD,QPDV,YVST,YVSW,MTVI,QISQ,MMYV,MIPV,MMYG,MNSQ,VHEQ,VASM,QNVH,GLYW,EHFT,QCDR,EHFL,RYFL,EHFE,GLYN,CANG,ENTI,INPP,LRSM,MVAR,MVAQ,MVAV,MVAT,MVAY,CDNS,MVAM,EEPM,VFSM,EEPC,YSEF,CRDW,YSEN,YSER,CRDL,CRDE,MCGG,HCPI,GCGV,FFLY,RKFE,RKFK,WERN,HDRT,CIYN,CGDI,CGDD,TMLT,REQR,CGDA,HPFH,TMLN,HPFG,CGDT,TMLG,RPSC,RPSN,RPSL,APFT,RPSI,RPSP,APFC,RPSY,DQSK,SDGP,SDGQ,KYED,DQSE,DQSY,RAPI,RAPH,SDGC,SDGL,DQSQ,DQST,RAPF,RAPD,SANV,ATGD,WGFQ,IGQF,ATGM,ATGQ,MNSC,WLIK,IGQR,MASE,IGQV,IGQT,EAQS,SANQ,FVGK,RVED,FVGT,FVGW,FVGQ,RVET,SNQQ,DRSR,DRSQ,DRSK,SNQF,PVIW,RYGF,WDTG,WDTI,WDTL,AGSW,AGSM,WDTV,IMKE,CYTS,STLC,SYDA,SYDP,IKSP,IKSR,EQRT,HSHC,EQRK,EQRA,EQRC,SAQN,DTEA,DTED,DTEN,NHNM,DGGD,DGGE,SAQY,SAQW,DGGM,NHNA,YPAV,ILKY,VLGH,FRNA,GEMR,EPPH,EPPT,VFHI,VFHF,NRHG,VFHP,VFHT,LCLN,LCLK,GSFR,LCLC,LCLA,NSSC,GSFK,LCLQ,LCLP,EMGD,EMGI,IFCT,EMGQ,CNGQ,ELMT,LQDR,CNGK,CNGL,LLLW,TFFR,TFFN,TFFH,TFFK,TFFG,TFFC,IKVV,YPKK,YPKC,YEYV,REDY,YEYR,YEYK,YPKQ,YPKV,VYPV,HGNT,HGNS,HTTV,HKHR,HTTS,FIQN,RFID,HTTY,RFIA,HTTG,HKHK,RFIP,MKDA,MKDI,HQSR,YWKH,MKDP,HQSI,HQSK,WTRD,MQKR,KEFN,MQKG,KEFA,KEFE,AMGC,AMGA,IHIQ,AMGD,FNQA,RGMQ,IHIF,FNQS,FNQR,FNQV,PVRL,PVRH,HKII,PVRR,HTKV,AGHI,AGHA,SHNR,SHNV,FDKY,FDKT,GIPD,IVSH,GIPY,FDKM,IVSM,FDKG,DHFA,FDKC,PPDI,PPDN,PPDG,PMGR,PFMG,PFMY,PMGM,PFMT,IQRF,IQRK,GEKW,QTQH,QGWG,QSCK,VSIM,QSCE,VSIC,GERH,GERQ,QGWP,GERT,LCSW,DWKG,PGQH,DYKN,DYKE,DWKT,PGQG,VEDY,VEDC,EKEH,WSPH,RNNF,QRKT,VPIP,VPIR,QRKP,VPIC,QRKG,VPIE,VPID,HGTT,QDVQ,QDVM,LDFA,DPKL,QDVK,DPKD,QDVC,LEAC,ITLH,LCSK,PGYN,VCVL,VCVC,NLHV,PMRI,MRVM,MRVK,MRVI,NIKF,QKPI,QKPK,QKPT,THML,MLFA,RGNR,TIIN,RGNW,TDVY,RGNT,TDVR,RLIC,TDVK,RGPL,RGPD,TSWY,FNPQ,KIDS,KIDD,HNGV,WAEV,WAEN,IMKQ,ADDT,ADDG,ADDD,ADDK,AKND,SHQA,AKNN,IANH,SHQM,IANW,AKNS,NYVY,VTPR,PYVD,PYVI,PYVW,PYVT,VTPV,GTQT,SKQV,NQFL,SKQH,SKQM,SKQN,FAIV,VTPD,FAIC,HLHI,SHSW,GVCR,VPRS,SHSQ,PANR,NFAH,GFVM,QMFF,NFAL,DPPE,DPPY,PANA,DDDF,NFAR,NFAP,SEDH,DDDM,LVMV,LVMR,IFEA,LVMN,GQCL,VNLK,VNLC,NGMY,GAHS,GAHH,NGMI,GAHN,GAHA,NGMF,NGME,MEQK,TCYA,TDKV,YCYF,GNNS,YCYL,GNNW,EYEA,NNKI,EYEE,GNNA,GNNC,GNNG,YTLR,MTFR,KTWS,KIYR,KIYQ,HEYQ,NGNW,YQTK,YFTY,YFTT,YFTV,YFTS,YFTE,YQTP,AQRK,AQRN,KNAG,HFIP,ANGS,KNAT,HFIG,CYKI,HFIC,YHCF,RMLV,RMLT,WSES,CIVM,CIVI,WSEA,HYDF,WSEK,WGYG,KQAQ,HAVW,RICR,RICI,RICF,RICG,RICA,REDK,QDWD,FEPN,DDYG,FHNF,RYTA,HSQD,HSQF,PAQV,RTTK,HSQK,HVRE,NIYT,MNTI,LVVM,NIYD,NIYL,VGCA,VGCE,VGCI,VGCP,SPIW,IIFR,DNCC,SPIY,IPNF,NLKV,DNCS,IPNR,IIFH,PRSK,HMFS,NNYY,DVTN,YKVG,NNYS,DATP,DVTD,DVTE,DATE,DVTS,DATG,DATF,RFVM,VDCI,QAPV,QAPR,GRIY,KHKT,QAPY,QAPN,SIMN,GRIN,SIML,QEGW,AFHE,SSVC,AFHF,LINR,QEQH,LINH,LINA,LYYH,EETM,YMEG,YMER,CTPF,HRNT,CYPF,CYPA,CYPL,MGAM,TPTY,TPTD,HRNF,HRNG,MGAR,CYPS,TPTM,HRNN,TPTH,MGAY,HRNK,LSWW,FSIW,LSWC,YLIS,YLIF,YLIN,MIGF,MIGK,MIGI,MIGH,AFCL,AFCP,SIVI,MFEK,TQRE,MPTT,MPTP,AVNF,AVNE,AVNC,MPTA,AVNN,TAMK,HLEF,HLER,AECT,WIIF,KDGR,WVWD,WIIN,KGEF,KGEM,PEPY,NPKA,FEIS,PHTD,FEIT,NPKQ,FRAE,FRAK,AYGQ,FRAQ,KFIR,KFIT,FETQ,FETP,KFIY,AEGT,FETY,PEKH,KFIA,FETD,KFID,FLHD,FLHE,KFIH,KFII,FYNE,SCEK,PRWL,QQRD,QLAC,GRTE,GRTQ,FSEM,FSEH,ECAF,QFLM,QFLL,GKKM,GDYA,DKIR,NADH,NADG,GGYG,NADY,QQVA,QQVC,NADR,QQVN,NADP,NADW,NADV,GTFH,GTFN,GTFM,VKEY,VTGC,GTFA,LMPI,VTGE,VKEM,VKED,SRVT,QCLR,GLQI,EHNP,EHNE,EHNG,EHNF,EHNM,LTFM,LNNH,YLTG,MVVH,CMAL,CMAV,CDVW,CDVT,CSVE,CSVF,MVIG,CSVC,MVIP,MVIQ,MVIV,MVIW,CDVH,QFQH,HVHE,HVHK,MHAG,RSKD,QFQF,HVHV,RSKQ,RSKT,QFQE,FYKW,FFDN,FFDH,PHIN,FFDF,FFDC,RKNR,FFDR,TTGH,GDVQ,CRLL,KFTF,KFTE,KFTL,REIY,KFTS,REIM,RVME,FNLD,NMRQ,SHYA,NMRW,PIMQ,NMRY,PIMF,PIMG,PIME,NMRG,NMRF,NMRK,IGYC,HNPV,ITKS,QPPH,IGYN,IGYP,HNPG,HNPE,ITKM,GYSK,ITKI,DKTD,DKTC,QDEF,DKTH,DKTT,SYLW,DRKQ,SNYY,DRKF,SNYF,DRKH,GYSY,IMSW,NTMC,IFEQ,IFEV,IMSR,NTMI,STTV,IFED,IFEL,DMFI,GDCP,SWRV,QIDH,QIDM,QIDG,QIDE,VANQ,NKHF,VANW,VANV,NKHL,VANE,VAND,NKHR,VHVE,VHVF,NRSW,NRSS,HQDG,NRSD,NRSF,NRSA,NRSN,GSNP,GSNI,ENGT,YAPK,YAPD,EPHP,YAPC,RMEE,EPHA,YAPS,NHVS,NHVD,NHVF,NHVL,NHVM,NHVK,NSHA,RDNK,HVEA,TLWS,TLWA,TLWG,TLWM,HGFV,HGFP,HGFR,KKPG,KKPD,TGDG,TGDD,EVRM,EVRF,CRSR,CRSP,ECVA,CRSV,CRSW,ECVE,ECVK,EVRP,HPSD,YEQP,YEQS,HPSN,YEQD,YEQG,HPSP,HPSR,ADEK,YEQI,YEQK,MQSS,MQSR,AYYI,FIYQ,MQSF,FIYI,HATN,KPDC,HATE,KQER,MQSH,RAGH,HTSI,CAGR,AIVP,CAGT,CAGV,CAGI,AIVM,MKLN,AIVH,CAGE,AIVC,HQKN,WNLF,KSHY,KSHR,KSHS,WNLQ,ACGR,KSHK,KSHA,PCVI,FNYG,DFPK,SNDA,IHAK,DFPD,IHAG,PCVY,RRSH,RRSK,RRSM,DFPT,SSDW,PLGY,IRTE,IRTF,IRTY,FDSW,FDSQ,FDSP,FDSM,SANM,FDSI,NRHQ,NRHR,CIVV,VYPD,VELK,GSSM,VYPT,VYPQ,VELP,SNEK,GHFY,GHFF,GHFL,PPLE,PPLK,PGDE,PPLT,PGYR,NSNL,NSNF,NSNY,LCSE,NSNP,NSNV,FEFI,PEYQ,KAMK,GECF,NFYE,QSKF,QSKV,QSKQ,QSKP,QTYV,AYYP,QTYY,LQMS,KLQC,AQWS,LQMA,LFIC,REDN,QRSL,MRNR,MRNH,TRWS,RFVR,RFVS,RFVP,MEHE,MNTE,MNTG,RFVC,MEHV,TRWI,RFVI,NAAM,EIIC,YDHN,CVIQ,CVIR,CVIS,CVIW,ADLM,CPSK,CPSD,CPSF,CPST,CPSV,WKPE,WPDF,QQKP,RRHR,WKPT,CKNV,REFH,CKNL,HVSI,CKNN,CKNH,SHYP,AKFQ,IAFN,AKFM,AKFK,AKFE,IAFC,FPHM,FPHR,FMGH,FMLA,RMES,RMEH,RMEG,NVFT,NVFC,NVFG,NVFN,SKYC,SKYF,KWRY,FAAN,FAAH,PGDM,PSPC,PGDH,PGDW,FAAY,PSPY,VCAA,VCAL,VCAR,VCAY,GFNQ,NFIP,CQIL,RSGF,NYWL,NYWK,GFNL,PTRN,GFNP,GFNV,RSGC
